<!DOCTYPE html>
<html xmlns="http://www.w3.org/1999/xhtml" lang="" xml:lang="">
  <head>
    <title>Multivariate distributions</title>
    <meta charset="utf-8" />
    <meta name="author" content="MACS 33000   University of Chicago" />
    <link href="libs/remark-css/default.css" rel="stylesheet" />
    <link href="libs/remark-css/metropolis.css" rel="stylesheet" />
    <link href="libs/remark-css/lucy-fonts.css" rel="stylesheet" />
    <script src="libs/htmlwidgets/htmlwidgets.js"></script>
    <script src="libs/plotly-binding/plotly.js"></script>
    <script src="libs/typedarray/typedarray.min.js"></script>
    <script src="libs/jquery/jquery.min.js"></script>
    <link href="libs/crosstalk/css/crosstalk.css" rel="stylesheet" />
    <script src="libs/crosstalk/js/crosstalk.min.js"></script>
    <link href="libs/plotly-htmlwidgets-css/plotly-htmlwidgets.css" rel="stylesheet" />
    <script src="libs/plotly-main/plotly-latest.min.js"></script>
  </head>
  <body>
    <textarea id="source">
class: center, middle, inverse, title-slide

# Multivariate distributions
### <a href="https://github.com/math-camp/course">MACS 33000</a> <br /> University of Chicago

---







`$$\newcommand{\E}{\mathrm{E}} \newcommand{\Var}{\mathrm{Var}} \newcommand{\Cov}{\mathrm{Cov}} \newcommand{\Cor}{\mathrm{Cor}}$$`

---

# Learning objectives

* Define a joint probability density function
* Condition PDFs on other random variables
* Identify independence between two random variables
* Define covariance and correlation
* Examine sums of random variables
* Define the multivariate normal distribution

---

# Multivariate distribution

`\(X\)` and `\(Y\)` are **jointly continuous** if, for all `\(x\in\Re\)` and `\(y\in \Re\)`, there exists a function `\(f(x,y)\)` such that `\(C \subset \Re^{2}\)`, 

`$$\Pr\{(X, Y) \in C \}  = \iint_{(x,y)\in C} f(x,y)\, dx\, dy$$`

--

What is `\(C \subset R^{2}\)`?

--

* `\(R^{2} = R \underbrace{\times}_{\text{Cartesian Product}} R\)`
* `\(C\)` is a subset of the 2-d plane

---

# `\(C = \{x, y: x \in [0,1] , y\in [0,1] \}\)`

&lt;img src="12-multivariate-pdf_files/figure-html/a-2d-rect-1.png" width="864" style="display: block; margin: auto;" /&gt;

---

# `\(C = \{x, y: x^2 + y^2 \leq 1 \}\)`

&lt;img src="12-multivariate-pdf_files/figure-html/a-2d-circle-1.png" width="864" style="display: block; margin: auto;" /&gt;

---

# `\(C = \{ x, y: x&gt; y, x,y\in(0,2)\}\)`

&lt;img src="12-multivariate-pdf_files/figure-html/a-2d-triangle-1.png" width="864" style="display: block; margin: auto;" /&gt;

---

# Multivariate distribution

$$
`\begin{aligned}
C &amp;= \{ x, y: x \in A, y \in B \} \\
\Pr\{(X,Y) \in C \} &amp;= \int_{B} \int_{A} f(x,y) \, dx\, dy
\end{aligned}`
$$

---

# Examples of joint PDFs

Consider a function `\(f:\Re \times \Re \rightarrow \Re\)`:

* Input: an `\(x\)` value and a `\(y\)` value.
* Output: a number from the real line
* `\(f(x,y) = a\)`

---

# Examples of joint PDFs

<div id="htmlwidget-9eceb20dc2a931752ae4" style="width:864px;height:504px;" class="plotly html-widget"></div>
<script type="application/json" data-for="htmlwidget-9eceb20dc2a931752ae4">{"x":{"visdat":{"23584cf69a7d":["function () ","plotlyVisDat"]},"cur_data":"23584cf69a7d","attrs":{"23584cf69a7d":{"x":{},"y":{},"z":{},"alpha_stroke":1,"sizes":[10,100],"spans":[1,20],"type":"scatter3d","mode":"markers","inherit":true}},"layout":{"margin":{"b":40,"l":60,"t":25,"r":10},"scene":{"xaxis":{"title":"x"},"yaxis":{"title":"y"},"zaxis":{"title":"z"}},"hovermode":"closest","showlegend":false},"source":"A","config":{"showSendToCloud":false},"data":[{"x":[1,0],"y":[1,1],"z":[1,0.2],"type":"scatter3d","mode":"markers","marker":{"color":"rgba(31,119,180,1)","line":{"color":"rgba(31,119,180,1)"}},"error_y":{"color":"rgba(31,119,180,1)"},"error_x":{"color":"rgba(31,119,180,1)"},"line":{"color":"rgba(31,119,180,1)"},"frame":null}],"highlight":{"on":"plotly_click","persistent":false,"dynamic":false,"selectize":false,"opacityDim":0.2,"selected":{"opacity":1},"debounce":0},"shinyEvents":["plotly_hover","plotly_click","plotly_selected","plotly_relayout","plotly_brushed","plotly_brushing","plotly_clickannotation","plotly_doubleclick","plotly_deselect","plotly_afterplot"],"base_url":"https://plot.ly"},"evals":[],"jsHooks":[]}</script>

---

# Examples of joint PDFs

<div id="htmlwidget-9eceb20dc2a931752ae4" style="width:864px;height:504px;" class="plotly html-widget"></div>
<script type="application/json" data-for="htmlwidget-9eceb20dc2a931752ae4">{"x":{"visdat":{"30a6630c39ef":["function () ","plotlyVisDat"]},"cur_data":"30a6630c39ef","attrs":{"30a6630c39ef":{"x":{},"y":{},"z":{},"alpha_stroke":1,"sizes":[10,100],"spans":[1,20],"type":"surface","inherit":true}},"layout":{"margin":{"b":40,"l":60,"t":25,"r":10},"scene":{"xaxis":{"title":"x"},"yaxis":{"title":"y"},"zaxis":{"title":"z_mat"}},"hovermode":"closest","showlegend":false,"legend":{"yanchor":"top","y":0.5}},"source":"A","config":{"showSendToCloud":false},"data":[{"colorbar":{"title":"z_mat","ticklen":2,"len":0.5,"lenmode":"fraction","y":1,"yanchor":"top"},"colorscale":[["0","rgba(68,1,84,1)"],["0.0416666666666667","rgba(70,19,97,1)"],["0.0833333333333333","rgba(72,32,111,1)"],["0.125","rgba(71,45,122,1)"],["0.166666666666667","rgba(68,58,128,1)"],["0.208333333333333","rgba(64,70,135,1)"],["0.25","rgba(60,82,138,1)"],["0.291666666666667","rgba(56,93,140,1)"],["0.333333333333333","rgba(49,104,142,1)"],["0.375","rgba(46,114,142,1)"],["0.416666666666667","rgba(42,123,142,1)"],["0.458333333333333","rgba(38,133,141,1)"],["0.5","rgba(37,144,140,1)"],["0.541666666666667","rgba(33,154,138,1)"],["0.583333333333333","rgba(39,164,133,1)"],["0.625","rgba(47,174,127,1)"],["0.666666666666667","rgba(53,183,121,1)"],["0.708333333333333","rgba(79,191,110,1)"],["0.75","rgba(98,199,98,1)"],["0.791666666666667","rgba(119,207,85,1)"],["0.833333333333333","rgba(147,214,70,1)"],["0.875","rgba(172,220,52,1)"],["0.916666666666667","rgba(199,225,42,1)"],["0.958333333333333","rgba(226,228,40,1)"],["1","rgba(253,231,37,1)"]],"showscale":true,"x":[-2,-1.96,-1.92,-1.88,-1.84,-1.8,-1.76,-1.72,-1.68,-1.64,-1.6,-1.56,-1.52,-1.48,-1.44,-1.4,-1.36,-1.32,-1.28,-1.24,-1.2,-1.16,-1.12,-1.08,-1.04,-1,-0.96,-0.92,-0.88,-0.84,-0.8,-0.76,-0.72,-0.68,-0.64,-0.6,-0.56,-0.52,-0.48,-0.44,-0.4,-0.36,-0.32,-0.28,-0.24,-0.2,-0.16,-0.12,-0.0800000000000001,-0.04,0,0.04,0.0800000000000001,0.12,0.16,0.2,0.24,0.28,0.32,0.36,0.4,0.44,0.48,0.52,0.56,0.6,0.64,0.68,0.72,0.76,0.8,0.84,0.88,0.92,0.96,1,1.04,1.08,1.12,1.16,1.2,1.24,1.28,1.32,1.36,1.4,1.44,1.48,1.52,1.56,1.6,1.64,1.68,1.72,1.76,1.8,1.84,1.88,1.92,1.96,2],"y":[-2,-1.96,-1.92,-1.88,-1.84,-1.8,-1.76,-1.72,-1.68,-1.64,-1.6,-1.56,-1.52,-1.48,-1.44,-1.4,-1.36,-1.32,-1.28,-1.24,-1.2,-1.16,-1.12,-1.08,-1.04,-1,-0.96,-0.92,-0.88,-0.84,-0.8,-0.76,-0.72,-0.68,-0.64,-0.6,-0.56,-0.52,-0.48,-0.44,-0.4,-0.36,-0.32,-0.28,-0.24,-0.2,-0.16,-0.12,-0.0800000000000001,-0.04,0,0.04,0.0800000000000001,0.12,0.16,0.2,0.24,0.28,0.32,0.36,0.4,0.44,0.48,0.52,0.56,0.6,0.64,0.68,0.72,0.76,0.8,0.84,0.88,0.92,0.96,1,1.04,1.08,1.12,1.16,1.2,1.24,1.28,1.32,1.36,1.4,1.44,1.48,1.52,1.56,1.6,1.64,1.68,1.72,1.76,1.8,1.84,1.88,1.92,1.96,2],"z":[[0.00291502446502819,0.00315528306850647,0.00340988379353592,0.00367913699545071,0.00396330475993611,0.00426259535303447,0.00457715768449136,0.00490707584055295,0.0052523637458022,0.00561296001656966,0.00598872307079335,0.00637942656085079,0.0067847551967716,0.00720430102729564,0.00763756024541102,0.00808393058324402,0.00854270935844355,0.00901309223048755,0.00949417272063126,0.00998494254352987,0.0104842927919267,0.0109910160082496,0.0115038091685613,0.0120212775951505,0.012541939804213,0.0130642332846849,0.0135865211934617,0.0141070999411194,0.0146242076309932,0.0151360333032215,0.0156407269242987,0.0161364100519654,0.0166211870950706,0.0170931570785317,0.0175504258148648,0.0179911183761015,0.0184133917534052,0.0188154475864666,0.0191955448409164,0.0195520123096226,0.0198832608129238,0.0201877949736265,0.0204642244449866,0.0207112744739067,0.0209277956871699,0.0211127729956557,0.0212653335200513,0.0213847534514877,0.0214704637716536,0.0215220547691389,0.0215392793018486,0.0215220547691389,0.0214704637716536,0.0213847534514877,0.0212653335200513,0.0211127729956557,0.0209277956871699,0.0207112744739067,0.0204642244449866,0.0201877949736265,0.0198832608129238,0.0195520123096226,0.0191955448409164,0.0188154475864666,0.0184133917534052,0.0179911183761015,0.0175504258148648,0.0170931570785317,0.0166211870950706,0.0161364100519654,0.0156407269242987,0.0151360333032215,0.0146242076309932,0.0141070999411194,0.0135865211934617,0.0130642332846849,0.012541939804213,0.0120212775951505,0.0115038091685613,0.0109910160082496,0.0104842927919267,0.00998494254352987,0.00949417272063126,0.00901309223048754,0.00854270935844355,0.00808393058324402,0.00763756024541102,0.00720430102729564,0.0067847551967716,0.00637942656085079,0.00598872307079335,0.00561296001656966,0.0052523637458022,0.00490707584055295,0.00457715768449136,0.00426259535303447,0.00396330475993611,0.00367913699545071,0.00340988379353592,0.00315528306850647,0.00291502446502819],[0.00315528306850647,0.00341534397458557,0.00369092909112665,0.00398237435319402,0.00428996344778072,0.00461392180637974,0.0049544106119947,0.00531152088132616,0.00568526768663213,0.00607558458495295,0.00648231832492203,0.00690522390316825,0.0073439600432745,0.0077980851703177,0.00826705395311678,0.00875021448440733,0.00924680616620758,0.00975595836361856,0.0102766898852062,0.0108079093419564,0.0113484164296065,0.0118969041709837,0.0124519621458957,0.0130120807261999,0.0135756563230346,0.0141409976419482,0.0147063329299431,0.0152698181864186,0.0158295462978042,0.0163835570435059,0.0169298479088049,0.0174663856287572,0.0179911183761015,0.0185019884958978,0.0189969456802435,0.0194739604681361,0.0199310379485045,0.0203662315387719,0.0207776567071502,0.0211635045043045,0.0215220547691389,0.0218516888742981,0.0221509018795689,0.0224183139657032,0.0226526810272418,0.0228529043106225,0.0230180389931348,0.0231473016090147,0.0232400762410153,0.0232959194089906,0.0233145636012003,0.0232959194089906,0.0232400762410153,0.0231473016090147,0.0230180389931348,0.0228529043106225,0.0226526810272418,0.0224183139657032,0.0221509018795689,0.0218516888742981,0.0215220547691389,0.0211635045043045,0.0207776567071502,0.0203662315387719,0.0199310379485045,0.0194739604681361,0.0189969456802435,0.0185019884958978,0.0179911183761015,0.0174663856287572,0.0169298479088049,0.0163835570435059,0.0158295462978042,0.0152698181864186,0.0147063329299431,0.0141409976419482,0.0135756563230346,0.0130120807261999,0.0124519621458957,0.0118969041709837,0.0113484164296065,0.0108079093419564,0.0102766898852062,0.00975595836361856,0.00924680616620758,0.00875021448440733,0.00826705395311678,0.0077980851703177,0.0073439600432745,0.00690522390316825,0.00648231832492203,0.00607558458495295,0.00568526768663212,0.00531152088132616,0.00495441061199469,0.00461392180637973,0.00428996344778072,0.00398237435319402,0.00369092909112665,0.00341534397458557,0.00315528306850647],[0.00340988379353592,0.00369092909112665,0.00398875125231802,0.00430371331887414,0.00463612186857553,0.00498622052304908,0.0053541834712027,0.00574010907390148,0.00614401361958837,0.00656582530400164,0.00700537850987655,0.0074624084644474,0.00793654635360197,0.00842731497160588,0.0089341249843436,0.00945627188196052,0.00999293369359853,0.0105431695325709,0.0111059190348161,0.0116800027468176,0.0122641235114062,0.012856868891034,0.013456714658286,0.0140620293726775,0.014671080051287,0.0152820389286128,0.0158929912883833,0.0165019443370432,0.0171068370754637,0.0177055511122702,0.0182959223492387,0.0188757534566746,0.0194428270447676,0.0199949194257912,0.0205298148518911,0.0210453201042556,0.0215392793018486,0.0220095887917689,0.0224542119788005,0.0228711939489509,0.0232586757408161,0.0236149081195203,0.0239382647107788,0.0242272543573199,0.0244805325664467,0.0246969119258465,0.0248753713747846,0.0250150642294125,0.0251153248739384,0.025175674043672,0.0251958226412713,0.025175674043672,0.0251153248739384,0.0250150642294125,0.0248753713747846,0.0246969119258465,0.0244805325664467,0.0242272543573199,0.0239382647107788,0.0236149081195203,0.0232586757408161,0.0228711939489509,0.0224542119788005,0.0220095887917689,0.0215392793018486,0.0210453201042556,0.0205298148518911,0.0199949194257912,0.0194428270447676,0.0188757534566746,0.0182959223492387,0.0177055511122702,0.0171068370754637,0.0165019443370432,0.0158929912883833,0.0152820389286128,0.014671080051287,0.0140620293726775,0.013456714658286,0.012856868891034,0.0122641235114062,0.0116800027468176,0.0111059190348161,0.0105431695325709,0.00999293369359853,0.00945627188196052,0.0089341249843436,0.00842731497160588,0.00793654635360197,0.0074624084644474,0.00700537850987655,0.00656582530400164,0.00614401361958837,0.00574010907390148,0.0053541834712027,0.00498622052304908,0.00463612186857553,0.00430371331887414,0.00398875125231802,0.00369092909112665,0.00340988379353592],[0.00367913699545071,0.00398237435319402,0.00430371331887414,0.00464354560096743,0.00500220198542513,0.00537994533086491,0.00577696358059925,0.00619336286232032,0.00662916075064848,0.00708427977147264,0.00755854122996252,0.00805165944621327,0.00856323648360099,0.0090927574549981,0.00963958649095027,0.0102029634516913,0.0107820014614281,0.0113756853386393,0.0119828709901876,0.0126022858298704,0.0132325302736496,0.0138720803542728,0.0145192914874043,0.0151724034098195,0.0158295462978042,0.0164887480607879,0.0171479427915734,0.0178049803404964,0.0184576369666315,0.0191036270049684,0.0197406154745163,0.0203662315387719,0.0209780827171173,0.0215737697337191,0.0221509018795689,0.0227071127536517,0.0232400762410153,0.0237475225789103,0.0242272543573199,0.0246771622972106,0.0250952406488005,0.0254796020531254,0.0258284917132003,0.0261403007261372,0.0264135784346346,0.026647043665247,0.026839594731656,0.0269903180936767,0.027098495576781,0.027163610072305,0.0271853496550365,0.027163610072305,0.027098495576781,0.0269903180936767,0.026839594731656,0.026647043665247,0.0264135784346346,0.0261403007261372,0.0258284917132003,0.0254796020531254,0.0250952406488005,0.0246771622972106,0.0242272543573199,0.0237475225789103,0.0232400762410153,0.0227071127536517,0.0221509018795689,0.0215737697337191,0.0209780827171173,0.0203662315387718,0.0197406154745163,0.0191036270049684,0.0184576369666315,0.0178049803404964,0.0171479427915734,0.0164887480607879,0.0158295462978042,0.0151724034098195,0.0145192914874043,0.0138720803542728,0.0132325302736496,0.0126022858298704,0.0119828709901876,0.0113756853386393,0.0107820014614281,0.0102029634516913,0.00963958649095027,0.0090927574549981,0.00856323648360099,0.00805165944621327,0.00755854122996252,0.00708427977147264,0.00662916075064848,0.00619336286232032,0.00577696358059925,0.00537994533086491,0.00500220198542513,0.00464354560096743,0.00430371331887414,0.00398237435319402,0.00367913699545071],[0.00396330475993611,0.00428996344778072,0.00463612186857553,0.00500220198542513,0.0053885601333985,0.00579547947368588,0.00622316246589282,0.00667172343476126,0.0071411813123333,0.00763145264058236,0.00814234492271574,0.00867355041359429,0.00922464044091858,0.00979506034890765,0.0103841251550674,0.0109910160082496,0.0116147775324907,0.0122543161360702,0.0129083993588265,0.0135756563230346,0.014254579344124,0.0149435267472475,0.0156407269242987,0.0163442836535207,0.0170521826904765,0.0177622996250245,0.018472408984224,0.0191801945459803,0.0198832608129238,0.0205791455807315,0.0212653335200513,0.0219392706766243,0.0225983797803373,0.0232400762410153,0.0238617846969893,0.0244609559720754,0.0250350842877517,0.0255817245702087,0.0260985096867223,0.0265831674425782,0.0270335371686665,0.0274475857309191,0.0278234227960182,0.0281593151932547,0.0284537002200181,0.0287051977480825,0.0289126209995061,0.0290749858744399,0.0291915187282682,0.0292616625120876,0.0292850812083268,0.0292616625120876,0.0291915187282682,0.0290749858744399,0.0289126209995061,0.0287051977480825,0.0284537002200181,0.0281593151932547,0.0278234227960182,0.0274475857309191,0.0270335371686665,0.0265831674425782,0.0260985096867223,0.0255817245702087,0.0250350842877517,0.0244609559720754,0.0238617846969893,0.0232400762410153,0.0225983797803373,0.0219392706766243,0.0212653335200513,0.0205791455807315,0.0198832608129238,0.0191801945459803,0.018472408984224,0.0177622996250245,0.0170521826904765,0.0163442836535207,0.0156407269242987,0.0149435267472475,0.014254579344124,0.0135756563230346,0.0129083993588265,0.0122543161360702,0.0116147775324907,0.0109910160082496,0.0103841251550674,0.00979506034890765,0.00922464044091858,0.00867355041359429,0.00814234492271574,0.00763145264058236,0.0071411813123333,0.00667172343476126,0.00622316246589281,0.00579547947368588,0.0053885601333985,0.00500220198542513,0.00463612186857553,0.00428996344778072,0.00396330475993611],[0.00426259535303447,0.00461392180637974,0.00498622052304908,0.00537994533086491,0.00579547947368588,0.00623312749573625,0.00669310714544215,0.00717554138082558,0.00768045056358958,0.00820774493334028,0.00875721745681033,0.00932853714935948,0.00992124296732288,0.0105347383698596,0.01116828664774,0.0118210071139337,0.0124918722468675,0.0131797058717913,0.0138831824588059,0.0146008276077899,0.0153310197807508,0.0160719933310882,0.0168218428669794,0.0175785289726995,0.0183398852973123,0.0191036270049684,0.0198673605652206,0.0206285948455073,0.0213847534514877,0.022133188244464,0.0228711939489509,0.0235960237477805,0.0243049057472247,0.0249950601807154,0.0256637172070853,0.0263081351480602,0.0269256190002196,0.0275135390489974,0.0280693494066656,0.0285906062927893,0.0290749858744399,0.0295203014845917,0.029924520040627,0.0302857774907362,0.0306023931241766,0.0308728825917704,0.0310959694955501,0.0312705954209608,0.0313959283012949,0.0314713690218711,0.0314965561906128,0.0314713690218711,0.0313959283012949,0.0312705954209608,0.0310959694955501,0.0308728825917703,0.0306023931241766,0.0302857774907362,0.029924520040627,0.0295203014845917,0.0290749858744399,0.0285906062927893,0.0280693494066656,0.0275135390489974,0.0269256190002196,0.0263081351480602,0.0256637172070853,0.0249950601807154,0.0243049057472247,0.0235960237477805,0.0228711939489509,0.022133188244464,0.0213847534514877,0.0206285948455073,0.0198673605652206,0.0191036270049684,0.0183398852973123,0.0175785289726995,0.0168218428669794,0.0160719933310882,0.0153310197807508,0.0146008276077899,0.0138831824588059,0.0131797058717913,0.0124918722468675,0.0118210071139337,0.01116828664774,0.0105347383698596,0.00992124296732288,0.00932853714935948,0.00875721745681033,0.00820774493334028,0.00768045056358958,0.00717554138082557,0.00669310714544215,0.00623312749573624,0.00579547947368588,0.00537994533086491,0.00498622052304908,0.00461392180637974,0.00426259535303447],[0.00457715768449136,0.0049544106119947,0.0053541834712027,0.00577696358059925,0.00622316246589282,0.00669310714544215,0.00718703143662833,0.00770506737127903,0.00824723681370882,0.00881344337956905,0.00940346475737293,0.0100169455371497,0.0106533906520731,0.0113121595389959,0.0119924611225212,0.0126933497244704,0.0134137219963257,0.0141523149663879,0.0149077052860019,0.0156783097502684,0.0164623871582363,0.0172580415657131,0.0180632269706503,0.0188757534566746,0.019693294804895,0.0205133975677988,0.0213334915820532,0.0221509018795689,0.0229628619385019,0.0237665281982075,0.0245589957447894,0.02533731505706,0.0260985096867223,0.026839594731656,0.0275575959475959,0.0282495693314774,0.0289126209995061,0.0295439271747954,0.0301407540933791,0.0307004776336905,0.0312206024733106,0.0316987805780137,0.0321328288318912,0.032520745623634,0.0328607262128308,0.0331511767113256,0.0333907265281334,0.033578239141977,0.0337128210829843,0.0337938290242292,0.0338208749043582,0.0337938290242292,0.0337128210829843,0.033578239141977,0.0333907265281334,0.0331511767113256,0.0328607262128308,0.032520745623634,0.0321328288318912,0.0316987805780137,0.0312206024733106,0.0307004776336905,0.0301407540933791,0.0295439271747954,0.0289126209995061,0.0282495693314774,0.0275575959475959,0.026839594731656,0.0260985096867223,0.02533731505706,0.0245589957447894,0.0237665281982075,0.0229628619385019,0.0221509018795689,0.0213334915820532,0.0205133975677988,0.019693294804895,0.0188757534566746,0.0180632269706503,0.0172580415657131,0.0164623871582363,0.0156783097502684,0.0149077052860019,0.0141523149663879,0.0134137219963257,0.0126933497244704,0.0119924611225212,0.0113121595389959,0.0106533906520731,0.0100169455371497,0.00940346475737293,0.00881344337956905,0.00824723681370882,0.00770506737127903,0.00718703143662833,0.00669310714544215,0.00622316246589282,0.00577696358059925,0.0053541834712027,0.0049544106119947,0.00457715768449136],[0.00490707584055295,0.00531152088132616,0.00574010907390148,0.00619336286232032,0.00667172343476126,0.00717554138082558,0.00770506737127903,0.00826044295470624,0.00884169157138547,0.00944870988965517,0.0100812595739803,0.010738959596701,0.0114212792069387,0.0121275316702261,0.012856868891034,0.0136082770273972,0.0143805732022488,0.0151724034098195,0.0159822417075309,0.0168083907742403,0.017648983904514,0.0185019884958978,0.019365211072022,0.0202363038689533,0.0211127729956557,0.0219919881619261,0.0228711939489509,0.0237475225789103,0.0246180081211026,0.0254796020531254,0.0263291900770273,0.027163610072305,0.0279796710504598,0.0287741729598239,0.0295439271747954,0.0302857774907362,0.0309966214348385,0.0316734316944566,0.0323132774579305,0.0329133454589428,0.0334709605140717,0.0339836053445131,0.0344489394769713,0.0348648170254673,0.0352293031652298,0.035540689121818,0.0357975055130577,0.0359985338980549,0.0361428164062869,0.0362296633402963,0.0362586586675531,0.0362296633402963,0.0361428164062869,0.0359985338980549,0.0357975055130577,0.035540689121818,0.0352293031652298,0.0348648170254673,0.0344489394769713,0.0339836053445131,0.0334709605140717,0.0329133454589428,0.0323132774579305,0.0316734316944566,0.0309966214348385,0.0302857774907362,0.0295439271747954,0.0287741729598239,0.0279796710504598,0.027163610072305,0.0263291900770273,0.0254796020531254,0.0246180081211026,0.0237475225789103,0.0228711939489509,0.0219919881619261,0.0211127729956557,0.0202363038689533,0.019365211072022,0.0185019884958978,0.017648983904514,0.0168083907742403,0.0159822417075309,0.0151724034098195,0.0143805732022488,0.0136082770273972,0.012856868891034,0.0121275316702261,0.0114212792069387,0.010738959596701,0.0100812595739803,0.00944870988965517,0.00884169157138546,0.00826044295470624,0.00770506737127903,0.00717554138082557,0.00667172343476126,0.00619336286232032,0.00574010907390148,0.00531152088132616,0.00490707584055295],[0.0052523637458022,0.00568526768663213,0.00614401361958837,0.00662916075064848,0.0071411813123333,0.00768045056358958,0.00824723681370882,0.00884169157138547,0.00946383992628018,0.0101135712757672,0.010790630513758,0.011494609801464,0.0122249410415571,0.0129808891772876,0.0137615464366228,0.0145658276382946,0.0153924666717266,0.0162400142561158,0.0171068370754636,0.0179911183761015,0.0188908601012921,0.0198038866238824,0.0207278501228614,0.0216602376331624,0.0225983797803373,0.0235394611930016,0.0244805325664467,0.025418524330782,0.0263502618566769,0.0272724821115099,0.0281818516587936,0.0290749858744399,0.02994846923506,0.0307988765163635,0.0316227947241243,0.0324168455663914,0.0331777082639007,0.0339021424862184,0.0345870111942181,0.0352293031652298,0.0358261549757252,0.0363748722178007,0.036872949730035,0.0373180906305203,0.0377082239499434,0.0380415206754229,0.0383164080312546,0.0385315818405751,0.038686016832007,0.0387789747773184,0.038810010369722,0.0387789747773184,0.038686016832007,0.0385315818405751,0.0383164080312546,0.0380415206754229,0.0377082239499434,0.0373180906305203,0.036872949730035,0.0363748722178007,0.0358261549757252,0.0352293031652298,0.0345870111942181,0.0339021424862184,0.0331777082639007,0.0324168455663914,0.0316227947241243,0.0307988765163635,0.02994846923506,0.0290749858744399,0.0281818516587936,0.02727248211151,0.0263502618566769,0.025418524330782,0.0244805325664467,0.0235394611930016,0.0225983797803373,0.0216602376331624,0.0207278501228614,0.0198038866238824,0.0188908601012921,0.0179911183761015,0.0171068370754636,0.0162400142561158,0.0153924666717266,0.0145658276382946,0.0137615464366228,0.0129808891772876,0.0122249410415571,0.011494609801464,0.010790630513758,0.0101135712757672,0.00946383992628018,0.00884169157138546,0.00824723681370882,0.00768045056358958,0.00714118131233331,0.00662916075064848,0.00614401361958837,0.00568526768663213,0.0052523637458022],[0.00561296001656966,0.00607558458495295,0.00656582530400164,0.00708427977147264,0.00763145264058236,0.00820774493334028,0.00881344337956905,0.00944870988965517,0.0101135712757672,0.0108079093419564,0.011531451468057,0.0122837618154781,0.0130642332846849,0.0138720803542728,0.0147063329299431,0.0155658313282919,0.0164492225150691,0.0173549577104122,0.0182812914644935,0.0192262822960686,0.0201877949736264,0.0211635045043045,0.0221509018795688,0.0231473016090147,0.0241498510547115,0.0251555415585048,0.0261612213338454,0.027163610072305,0.0281593151932547,0.0291448496435268,0.0301166511325742,0.0310711026680109,0.0320045542367866,0.0329133454589428,0.0337938290242292,0.034642394707124,0.0354554937432736,0.0362296633402963,0.0369615510884885,0.0376479390324183,0.0382857671628112,0.0388721560896317,0.0394044286618727,0.0398801303072816,0.0402970478760245,0.0406532267859991,0.0409469862840112,0.0411769326561174,0.0413419702418633,0.0414413101306271,0.0414744764434879,0.0414413101306271,0.0413419702418633,0.0411769326561174,0.0409469862840112,0.0406532267859991,0.0402970478760245,0.0398801303072815,0.0394044286618727,0.0388721560896317,0.0382857671628112,0.0376479390324183,0.0369615510884885,0.0362296633402963,0.0354554937432736,0.034642394707124,0.0337938290242292,0.0329133454589428,0.0320045542367866,0.0310711026680109,0.0301166511325742,0.0291448496435268,0.0281593151932547,0.027163610072305,0.0261612213338454,0.0251555415585048,0.0241498510547115,0.0231473016090147,0.0221509018795688,0.0211635045043045,0.0201877949736264,0.0192262822960686,0.0182812914644935,0.0173549577104122,0.0164492225150691,0.0155658313282919,0.0147063329299431,0.0138720803542728,0.0130642332846849,0.0122837618154781,0.011531451468057,0.0108079093419564,0.0101135712757672,0.00944870988965517,0.00881344337956905,0.00820774493334028,0.00763145264058236,0.00708427977147264,0.00656582530400164,0.00607558458495295,0.00561296001656966],[0.00598872307079335,0.00648231832492203,0.00700537850987655,0.00755854122996252,0.00814234492271574,0.00875721745681033,0.00940346475737293,0.0100812595739803,0.010790630513758,0.011531451468057,0.0123034315659871,0.0131061057914756,0.0139388264023363,0.014800755289952,0.0156908574164659,0.0166078954627563,0.0175504258148648,0.01851679600891,0.0195051437448541,0.0205133975677988,0.0215392793018486,0.0225803083060666,0.023633807604802,0.0246969119258465,0.0257665776596716,0.026839594731656,0.0279126003569648,0.0289820946249081,0.0300444578364642,0.0310959694955501,0.0321328288318912,0.0331511767113256,0.0341471187684386,0.0351167495768881,0.036056177655,0.0369615510884885,0.0378290835387919,0.0386550803947663,0.0394359648175825,0.0401683034238067,0.0408488313499648,0.0414744764434879,0.0420423823298509,0.0425499301139549,0.0429947584852918,0.0433747820110605,0.0436882074190121,0.0439335476921679,0.0441096338204116,0.0442156240790156,0.0442510107310523,0.0442156240790156,0.0441096338204116,0.0439335476921679,0.0436882074190121,0.0433747820110605,0.0429947584852918,0.0425499301139549,0.0420423823298509,0.0414744764434879,0.0408488313499648,0.0401683034238067,0.0394359648175825,0.0386550803947663,0.0378290835387919,0.0369615510884885,0.036056177655,0.0351167495768881,0.0341471187684386,0.0331511767113256,0.0321328288318912,0.0310959694955501,0.0300444578364642,0.0289820946249081,0.0279126003569648,0.026839594731656,0.0257665776596716,0.0246969119258465,0.023633807604802,0.0225803083060666,0.0215392793018486,0.0205133975677988,0.0195051437448541,0.01851679600891,0.0175504258148648,0.0166078954627563,0.0156908574164659,0.014800755289952,0.0139388264023363,0.0131061057914756,0.0123034315659871,0.011531451468057,0.010790630513758,0.0100812595739803,0.00940346475737292,0.00875721745681032,0.00814234492271575,0.00755854122996252,0.00700537850987655,0.00648231832492203,0.00598872307079335],[0.00637942656085079,0.00690522390316825,0.0074624084644474,0.00805165944621327,0.00867355041359429,0.00932853714935948,0.0100169455371497,0.010738959596701,0.011494609801464,0.0122837618154781,0.0131061057914756,0.0139611463757972,0.0148481935676435,0.0157663545803036,0.0167145268501895,0.0176913923356462,0.0186954132415339,0.0197248292974495,0.0207776567071502,0.0218516888742981,0.0229444989951078,0.02405344459196,0.0251756740436719,0.0263081351480602,0.0274475857309191,0.0285906062927893,0.0297336146612044,0.0308728825917703,0.0320045542367866,0.0331246663755048,0.0342291702759071,0.0353139550344364,0.0363748722178007,0.0374077616101671,0.0384084778501187,0.0393729177249985,0.0402970478760245,0.0411769326561174,0.0420087618739624,0.0427888781526509,0.0435138036294535,0.0441802657249798,0.0447852217152135,0.0453258818486909,0.0457997307633228,0.0462045469729519,0.0465384202124883,0.0467997664521649,0.0469873404158022,0.0471002454646644,0.0471379407371347,0.0471002454646644,0.0469873404158022,0.0467997664521649,0.0465384202124883,0.0462045469729519,0.0457997307633228,0.0453258818486909,0.0447852217152135,0.0441802657249798,0.0435138036294535,0.0427888781526509,0.0420087618739624,0.0411769326561174,0.0402970478760245,0.0393729177249985,0.0384084778501187,0.0374077616101671,0.0363748722178007,0.0353139550344364,0.0342291702759071,0.0331246663755048,0.0320045542367866,0.0308728825917703,0.0297336146612044,0.0285906062927893,0.0274475857309191,0.0263081351480602,0.0251756740436719,0.02405344459196,0.0229444989951078,0.0218516888742981,0.0207776567071502,0.0197248292974495,0.0186954132415339,0.0176913923356462,0.0167145268501895,0.0157663545803036,0.0148481935676435,0.0139611463757972,0.0131061057914756,0.0122837618154781,0.011494609801464,0.010738959596701,0.0100169455371497,0.00932853714935947,0.00867355041359429,0.00805165944621327,0.0074624084644474,0.00690522390316825,0.00637942656085079],[0.0067847551967716,0.0073439600432745,0.00793654635360197,0.00856323648360099,0.00922464044091858,0.00992124296732288,0.0106533906520731,0.0114212792069387,0.0122249410415571,0.0130642332846849,0.0139388264023363,0.0148481935676435,0.0157916009393334,0.0167680990058443,0.0177765151501764,0.0188154475864666,0.0198832608129238,0.0209780827171173,0.0220978034586502,0.0232400762410153,0.0244023200689714,0.0255817245702087,0.0267752569405315,0.0279796710504598,0.0291915187282682,0.0304071632102907,0.0316227947241243,0.0328344481444894,0.034038022635288,0.0352293031652298,0.0364039837586387,0.0375576923181161,0.038686016832007,0.0397845327574907,0.0408488313499648,0.0418745486915861,0.0428573951566814,0.0437931850395732,0.0446778660614123,0.0455075484671004,0.0462785334214837,0.0469873404158023,0.0476307334009562,0.0482057453734757,0.0487097011531007,0.0491402381074522,0.0494953245992239,0.0497732759543949,0.0499727677758664,0.050092846455306,0.0501329367664566,0.050092846455306,0.0499727677758664,0.0497732759543949,0.0494953245992239,0.0491402381074522,0.0487097011531007,0.0482057453734757,0.0476307334009562,0.0469873404158023,0.0462785334214837,0.0455075484671004,0.0446778660614123,0.0437931850395732,0.0428573951566814,0.0418745486915861,0.0408488313499648,0.0397845327574906,0.038686016832007,0.0375576923181161,0.0364039837586387,0.0352293031652298,0.034038022635288,0.0328344481444894,0.0316227947241243,0.0304071632102907,0.0291915187282682,0.0279796710504598,0.0267752569405315,0.0255817245702087,0.0244023200689714,0.0232400762410153,0.0220978034586502,0.0209780827171173,0.0198832608129238,0.0188154475864666,0.0177765151501764,0.0167680990058443,0.0157916009393334,0.0148481935676435,0.0139388264023363,0.0130642332846849,0.0122249410415571,0.0114212792069387,0.0106533906520731,0.00992124296732287,0.00922464044091858,0.00856323648360099,0.00793654635360197,0.0073439600432745,0.0067847551967716],[0.00720430102729564,0.0077980851703177,0.00842731497160588,0.0090927574549981,0.00979506034890765,0.0105347383698596,0.0113121595389959,0.0121275316702261,0.0129808891772876,0.0138720803542728,0.014800755289952,0.0157663545803036,0.0167680990058443,0.0178049803404964,0.0188757534566746,0.0199789298869189,0.0211127729956557,0.0222752949054867,0.0234642553107713,0.0246771622972106,0.0259112752697311,0.027163610072305,0.0284309463625986,0.0297098372816954,0.0309966214348385,0.0322874371734561,0.033578239141977,0.0348648170254673,0.036142816406287,0.0374077616101671,0.0386550803947663,0.0398801303072816,0.041078226512494,0.0422446708691346,0.0433747820110605,0.0444639261708193,0.0455075484671004,0.0465012043646423,0.0474405910056661,0.0483215781060514,0.0491402381074522,0.0498928752784667,0.0505760534638941,0.0511866221910164,0.0517217408556649,0.0521789007284337,0.0525559445425815,0.0528510834496639,0.0530629111564392,0.0531904150867291,0.0532329844442712,0.0531904150867291,0.0530629111564392,0.0528510834496639,0.0525559445425815,0.0521789007284337,0.0517217408556649,0.0511866221910164,0.0505760534638941,0.0498928752784667,0.0491402381074522,0.0483215781060514,0.0474405910056661,0.0465012043646423,0.0455075484671004,0.0444639261708193,0.0433747820110605,0.0422446708691346,0.041078226512494,0.0398801303072815,0.0386550803947663,0.0374077616101671,0.036142816406287,0.0348648170254673,0.033578239141977,0.0322874371734561,0.0309966214348385,0.0297098372816954,0.0284309463625986,0.027163610072305,0.0259112752697311,0.0246771622972106,0.0234642553107713,0.0222752949054867,0.0211127729956557,0.0199789298869189,0.0188757534566746,0.0178049803404964,0.0167680990058443,0.0157663545803036,0.014800755289952,0.0138720803542728,0.0129808891772876,0.0121275316702261,0.0113121595389959,0.0105347383698596,0.00979506034890765,0.0090927574549981,0.00842731497160588,0.0077980851703177,0.00720430102729564],[0.00763756024541102,0.00826705395311678,0.0089341249843436,0.00963958649095027,0.0103841251550674,0.01116828664774,0.0119924611225212,0.012856868891034,0.0137615464366228,0.0147063329299431,0.0156908574164659,0.0167145268501895,0.0177765151501764,0.0188757534566746,0.0200109217614126,0.0211804420820357,0.0223824733435018,0.0236149081195203,0.0248753713747846,0.0261612213338454,0.0274695525850739,0.028797201508383,0.0301407540933791,0.0314965561906128,0.0328607262128308,0.0342291702759071,0.0355975997407671,0.0369615510884885,0.0383164080312546,0.0396574257323715,0.0409797569795689,0.0422784801277302,0.0435486286004882,0.0447852217152135,0.0459832965732416,0.0471379407371347,0.0482443253997274,0.0492977387360012,0.0502936191187573,0.0512275878728571,0.0520954812406546,0.0528933812332812,0.0536176450487135,0.0542649327480604,0.0548322328961542,0.0553168858911953,0.05571660473065,0.0560294929865774,0.0562540597927136,0.0563892316775955,0.0564343611123045,0.0563892316775955,0.0562540597927136,0.0560294929865774,0.05571660473065,0.0553168858911953,0.0548322328961542,0.0542649327480604,0.0536176450487135,0.0528933812332812,0.0520954812406546,0.0512275878728571,0.0502936191187573,0.0492977387360012,0.0482443253997274,0.0471379407371347,0.0459832965732416,0.0447852217152135,0.0435486286004882,0.0422784801277302,0.0409797569795689,0.0396574257323715,0.0383164080312546,0.0369615510884885,0.0355975997407671,0.0342291702759071,0.0328607262128308,0.0314965561906128,0.0301407540933791,0.028797201508383,0.0274695525850739,0.0261612213338454,0.0248753713747846,0.0236149081195203,0.0223824733435018,0.0211804420820357,0.0200109217614126,0.0188757534566746,0.0177765151501764,0.0167145268501895,0.0156908574164659,0.0147063329299431,0.0137615464366228,0.012856868891034,0.0119924611225212,0.01116828664774,0.0103841251550674,0.00963958649095027,0.0089341249843436,0.00826705395311678,0.00763756024541102],[0.00808393058324402,0.00875021448440733,0.00945627188196052,0.0102029634516913,0.0109910160082496,0.0118210071139337,0.0126933497244704,0.0136082770273972,0.0145658276382946,0.0155658313282919,0.0166078954627563,0.0176913923356462,0.0188154475864666,0.0199789298869189,0.0211804420820357,0.0224183139657032,0.0236905968629045,0.0249950601807154,0.0263291900770273,0.0276901903802014,0.0290749858744399,0.0304802280447256,0.0319023033518988,0.0333373440830327,0.0347812417949988,0.0362296633402963,0.037678069434198,0.0391217356914334,0.040555776029397,0.0419751683036831,0.0433747820110605,0.0447494078652914,0.0460937890229207,0.0474026537098033,0.0486707489751268,0.0498928752784667,0.0510639215973666,0.0521789007284337,0.0532329844442712,0.0542215381620108,0.0551401547769368,0.0559846873168457,0.0567512800794269,0.0574363979260655,0.0580368534209743,0.0585498315243192,0.0589729115717608,0.0593040863003332,0.0595417777114349,0.0596848495955288,0.0597326165794512,0.0596848495955288,0.0595417777114349,0.0593040863003332,0.0589729115717608,0.0585498315243192,0.0580368534209743,0.0574363979260655,0.0567512800794269,0.0559846873168457,0.0551401547769368,0.0542215381620108,0.0532329844442712,0.0521789007284337,0.0510639215973666,0.0498928752784667,0.0486707489751268,0.0474026537098032,0.0460937890229206,0.0447494078652914,0.0433747820110605,0.0419751683036831,0.040555776029397,0.0391217356914334,0.037678069434198,0.0362296633402963,0.0347812417949988,0.0333373440830327,0.0319023033518988,0.0304802280447256,0.0290749858744399,0.0276901903802014,0.0263291900770273,0.0249950601807154,0.0236905968629045,0.0224183139657032,0.0211804420820357,0.0199789298869189,0.0188154475864666,0.0176913923356462,0.0166078954627563,0.0155658313282919,0.0145658276382946,0.0136082770273972,0.0126933497244704,0.0118210071139337,0.0109910160082496,0.0102029634516913,0.00945627188196052,0.00875021448440733,0.00808393058324402],[0.00854270935844355,0.00924680616620758,0.00999293369359853,0.0107820014614281,0.0116147775324907,0.0124918722468675,0.0134137219963257,0.0143805732022488,0.0153924666717266,0.0164492225150691,0.0175504258148648,0.0186954132415339,0.0198832608129238,0.0211127729956557,0.0223824733435018,0.0236905968629045,0.0250350842877517,0.0264135784346346,0.0278234227960182,0.0292616625120876,0.0307250478425705,0.0322100402377133,0.0337128210829843,0.0352293031652298,0.036755144879187,0.0382857671628112,0.0398163731181428,0.0413419702418633,0.0428573951566814,0.0443573407017333,0.0458363852077564,0.0472890237513922,0.0487097011531007,0.050092846455306,0.051432908592026,0.0527243929388091,0.0539618984127395,0.0551401547769368,0.0562540597927136,0.0572987158556148,0.0582694657491649,0.0591619271524263,0.0599720255444872,0.0606960251607441,0.0613305576722328,0.0618726482801364,0.0623197389427086,0.0626697084809082,0.0629208893416455,0.0630720808332836,0.0631225586863993,0.0630720808332836,0.0629208893416455,0.0626697084809082,0.0623197389427086,0.0618726482801364,0.0613305576722328,0.0606960251607441,0.0599720255444872,0.0591619271524263,0.0582694657491649,0.0572987158556148,0.0562540597927136,0.0551401547769368,0.0539618984127395,0.0527243929388091,0.051432908592026,0.050092846455306,0.0487097011531007,0.0472890237513922,0.0458363852077564,0.0443573407017333,0.0428573951566814,0.0413419702418633,0.0398163731181428,0.0382857671628112,0.036755144879187,0.0352293031652298,0.0337128210829843,0.0322100402377133,0.0307250478425705,0.0292616625120876,0.0278234227960182,0.0264135784346345,0.0250350842877517,0.0236905968629045,0.0223824733435018,0.0211127729956557,0.0198832608129238,0.0186954132415339,0.0175504258148648,0.0164492225150691,0.0153924666717266,0.0143805732022488,0.0134137219963257,0.0124918722468675,0.0116147775324907,0.0107820014614281,0.00999293369359853,0.00924680616620758,0.00854270935844355],[0.00901309