<!DOCTYPE html>
<html lang="" xml:lang="">
  <head>
    <title>Functions of several variables and optimization with several variables</title>
    <meta charset="utf-8" />
    <meta name="author" content="MACS 33000   University of Chicago" />
    <script src="07-multivariable-differentiation_files/header-attrs/header-attrs.js"></script>
    <script src="07-multivariable-differentiation_files/htmlwidgets/htmlwidgets.js"></script>
    <script src="07-multivariable-differentiation_files/plotly-binding/plotly.js"></script>
    <script src="07-multivariable-differentiation_files/typedarray/typedarray.min.js"></script>
    <script src="07-multivariable-differentiation_files/jquery/jquery.min.js"></script>
    <link href="07-multivariable-differentiation_files/crosstalk/css/crosstalk.min.css" rel="stylesheet" />
    <script src="07-multivariable-differentiation_files/crosstalk/js/crosstalk.min.js"></script>
    <link href="07-multivariable-differentiation_files/plotly-htmlwidgets-css/plotly-htmlwidgets.css" rel="stylesheet" />
    <script src="07-multivariable-differentiation_files/plotly-main/plotly-latest.min.js"></script>
    <link href="07-multivariable-differentiation_files/vembedr/css/vembedr.css" rel="stylesheet" />
    <link rel="stylesheet" href="xaringan-themer.css" type="text/css" />
    <link rel="stylesheet" href="slides-menu.css" type="text/css" />
  </head>
  <body>
    <textarea id="source">
class: center, middle, inverse, title-slide

.title[
# Functions of several variables and optimization with several variables
]
.author[
### <a href="https://jmclip.github.io/MACSS_math_camp/">MACS 33000</a> <br /> University of Chicago
]

---







# Misc

* HELLO and welcome back!
* Canvas page -- join, class info, preceptor groups
  * When submitting class requests -- expect ~1 week and **PLEASE include a syllabus**!
* **NO HOMEWORK DUE TONIGHT!**

---
# Learning objectives

* Revisit derivatives
* Define a partial derivative
* Identify higher order derivatives and partial derivatives
* Define notation for calculus performed on vector and matrix forms
* Demonstrate multivariable calculus methods on social scientific research
* Calculate critical points, partial derivatives, saddle points

---

# Derivatives: Rates of change

* Way to understand how a function is changing
* (So far) Change relative to one variable
* Useful for max, min (derivative at zero) 
* Can determine when shifting from concave down to concave up (convex) (second derivative at zero)

---

# Higher order derivatives: can talk about the change in the rate of change

* Derivatives of derivatives

--
* First derivative

    `$$f'(x),  ~~ y',  ~~ \frac{d}{dx}f(x), ~~ \frac{dy}{dx}$$`

* Second derivative

    `$$f''(x), ~~ y'', ~~ \frac{d^2}{dx^2}f(x), ~~ \frac{d^2y}{dx^2}$$`

* `\(n\)`th derivative

    `$$\frac{d^n}{dx^n}f(x), \quad \frac{d^ny}{dx^n}$$`

---

# Multivariate function
Multivariate functions have ... multiple ... variables ... 

These are situations where we have a function that is not within one plane. It is easy to imagine how challenging optimizing this can be. Instead of a line, we have what is effectively a surface that we're trying to look at. 

We're trying to get some understanding of the underlying function and see how things do/not change in relation to our variables. 

---

# Multivariate function: Example
Suppose we have the following function: 
`$$f(x_{1}, x_{2}) = x_{1}  + x_{2}$$`
--

<div class="plotly html-widget html-fill-item-overflow-hidden html-fill-item" id="htmlwidget-9eceb20dc2a931752ae4" style="width:864px;height:504px;"></div>
<script type="application/json" data-for="htmlwidget-9eceb20dc2a931752ae4">{"x":{"visdat":{"6cfc45ce3c69":["function () ","plotlyVisDat"]},"cur_data":"6cfc45ce3c69","attrs":{"6cfc45ce3c69":{"x":{},"y":{},"z":{},"alpha_stroke":1,"sizes":[10,100],"spans":[1,20],"type":"surface","inherit":true}},"layout":{"margin":{"b":40,"l":60,"t":25,"r":10},"scene":{"xaxis":{"title":"x1"},"yaxis":{"title":"x2"},"zaxis":{"title":"x1 + x2"}},"hovermode":"closest","showlegend":false,"legend":{"yanchor":"top","y":0.5}},"source":"A","config":{"modeBarButtonsToAdd":["hoverclosest","hovercompare"],"showSendToCloud":false},"data":[{"colorbar":{"title":"z","ticklen":2,"len":0.5,"lenmode":"fraction","y":1,"yanchor":"top"},"colorscale":[["0","rgba(68,1,84,1)"],["0.0416666666666667","rgba(70,19,97,1)"],["0.0833333333333333","rgba(72,32,111,1)"],["0.125","rgba(71,45,122,1)"],["0.166666666666667","rgba(68,58,128,1)"],["0.208333333333333","rgba(64,70,135,1)"],["0.25","rgba(60,82,138,1)"],["0.291666666666667","rgba(56,93,140,1)"],["0.333333333333333","rgba(49,104,142,1)"],["0.375","rgba(46,114,142,1)"],["0.416666666666667","rgba(42,123,142,1)"],["0.458333333333333","rgba(38,133,141,1)"],["0.5","rgba(37,144,140,1)"],["0.541666666666667","rgba(33,154,138,1)"],["0.583333333333333","rgba(39,164,133,1)"],["0.625","rgba(47,174,127,1)"],["0.666666666666667","rgba(53,183,121,1)"],["0.708333333333333","rgba(79,191,110,1)"],["0.75","rgba(98,199,98,1)"],["0.791666666666667","rgba(119,207,85,1)"],["0.833333333333333","rgba(147,214,70,1)"],["0.875","rgba(172,220,52,1)"],["0.916666666666667","rgba(199,225,42,1)"],["0.958333333333333","rgba(226,228,40,1)"],["1","rgba(253,231,37,1)"]],"showscale":true,"x":[-5,-4.9000000000000004,-4.7999999999999998,-4.7000000000000002,-4.5999999999999996,-4.5,-4.4000000000000004,-4.2999999999999998,-4.2000000000000002,-4.0999999999999996,-4,-3.8999999999999999,-3.7999999999999998,-3.7000000000000002,-3.5999999999999996,-3.5,-3.3999999999999999,-3.2999999999999998,-3.2000000000000002,-3.0999999999999996,-3,-2.8999999999999999,-2.7999999999999998,-2.6999999999999997,-2.5999999999999996,-2.5,-2.3999999999999999,-2.2999999999999998,-2.1999999999999997,-2.0999999999999996,-2,-1.8999999999999999,-1.7999999999999998,-1.6999999999999997,-1.5999999999999996,-1.5,-1.3999999999999999,-1.2999999999999998,-1.1999999999999997,-1.0999999999999996,-1,-0.89999999999999947,-0.79999999999999982,-0.70000000000000018,-0.59999999999999964,-0.5,-0.39999999999999947,-0.29999999999999982,-0.19999999999999929,-0.099999999999999645,0,0.10000000000000053,0.20000000000000018,0.30000000000000071,0.40000000000000036,0.5,0.60000000000000053,0.70000000000000018,0.80000000000000071,0.90000000000000036,1,1.1000000000000005,1.2000000000000002,1.3000000000000007,1.4000000000000004,1.5,1.6000000000000005,1.7000000000000002,1.8000000000000007,1.9000000000000004,2,2.1000000000000005,2.2000000000000002,2.3000000000000007,2.4000000000000004,2.5,2.6000000000000005,2.7000000000000002,2.8000000000000007,2.9000000000000004,3,3.0999999999999996,3.2000000000000011,3.3000000000000007,3.4000000000000004,3.5,3.5999999999999996,3.7000000000000011,3.8000000000000007,3.9000000000000004,4,4.0999999999999996,4.2000000000000011,4.3000000000000007,4.4000000000000004,4.5,4.6000000000000014,4.7000000000000011,4.8000000000000007,4.9000000000000004,5],"y":[-5,-4.9000000000000004,-4.7999999999999998,-4.7000000000000002,-4.5999999999999996,-4.5,-4.4000000000000004,-4.2999999999999998,-4.2000000000000002,-4.0999999999999996,-4,-3.8999999999999999,-3.7999999999999998,-3.7000000000000002,-3.5999999999999996,-3.5,-3.3999999999999999,-3.2999999999999998,-3.2000000000000002,-3.0999999999999996,-3,-2.8999999999999999,-2.7999999999999998,-2.6999999999999997,-2.5999999999999996,-2.5,-2.3999999999999999,-2.2999999999999998,-2.1999999999999997,-2.0999999999999996,-2,-1.8999999999999999,-1.7999999999999998,-1.6999999999999997,-1.5999999999999996,-1.5,-1.3999999999999999,-1.2999999999999998,-1.1999999999999997,-1.0999999999999996,-1,-0.89999999999999947,-0.79999999999999982,-0.70000000000000018,-0.59999999999999964,-0.5,-0.39999999999999947,-0.29999999999999982,-0.19999999999999929,-0.099999999999999645,0,0.10000000000000053,0.20000000000000018,0.30000000000000071,0.40000000000000036,0.5,0.60000000000000053,0.70000000000000018,0.80000000000000071,0.90000000000000036,1,1.1000000000000005,1.2000000000000002,1.3000000000000007,1.4000000000000004,1.5,1.6000000000000005,1.7000000000000002,1.8000000000000007,1.9000000000000004,2,2.1000000000000005,2.2000000000000002,2.3000000000000007,2.4000000000000004,2.5,2.6000000000000005,2.7000000000000002,2.8000000000000007,2.9000000000000004,3,3.0999999999999996,3.2000000000000011,3.3000000000000007,3.4000000000000004,3.5,3.5999999999999996,3.7000000000000011,3.8000000000000007,3.9000000000000004,4,4.0999999999999996,4.2000000000000011,4.3000000000000007,4.4000000000000004,4.5,4.6000000000000014,4.7000000000000011,4.8000000000000007,4.9000000000000004,5],"z":[[-10,-9.9000000000000004,-9.8000000000000007,-9.6999999999999993,-9.5999999999999996,-9.5,-9.4000000000000004,-9.3000000000000007,-9.1999999999999993,-9.0999999999999996,-9,-8.9000000000000004,-8.8000000000000007,-8.6999999999999993,-8.5999999999999996,-8.5,-8.4000000000000004,-8.3000000000000007,-8.1999999999999993,-8.0999999999999996,-8,-7.9000000000000004,-7.7999999999999998,-7.6999999999999993,-7.5999999999999996,-7.5,-7.4000000000000004,-7.2999999999999998,-7.1999999999999993,-7.0999999999999996,-7,-6.9000000000000004,-6.7999999999999998,-6.6999999999999993,-6.5999999999999996,-6.5,-6.4000000000000004,-6.2999999999999998,-6.1999999999999993,-6.0999999999999996,-6,-5.8999999999999995,-5.7999999999999998,-5.7000000000000002,-5.5999999999999996,-5.5,-5.3999999999999995,-5.2999999999999998,-5.1999999999999993,-5.0999999999999996,-5,-4.8999999999999995,-4.7999999999999998,-4.6999999999999993,-4.5999999999999996,-4.5,-4.3999999999999995,-4.2999999999999998,-4.1999999999999993,-4.0999999999999996,-4,-3.8999999999999995,-3.7999999999999998,-3.6999999999999993,-3.5999999999999996,-3.5,-3.3999999999999995,-3.2999999999999998,-3.1999999999999993,-3.0999999999999996,-3,-2.8999999999999995,-2.7999999999999998,-2.6999999999999993,-2.5999999999999996,-2.5,-2.3999999999999995,-2.2999999999999998,-2.1999999999999993,-2.0999999999999996,-2,-1.9000000000000004,-1.7999999999999989,-1.6999999999999993,-1.5999999999999996,-1.5,-1.4000000000000004,-1.2999999999999989,-1.1999999999999993,-1.0999999999999996,-1,-0.90000000000000036,-0.79999999999999893,-0.69999999999999929,-0.59999999999999964,-0.5,-0.39999999999999858,-0.29999999999999893,-0.19999999999999929,-0.099999999999999645,0],[-9.9000000000000004,-9.8000000000000007,-9.6999999999999993,-9.6000000000000014,-9.5,-9.4000000000000004,-9.3000000000000007,-9.1999999999999993,-9.1000000000000014,-9,-8.9000000000000004,-8.8000000000000007,-8.6999999999999993,-8.6000000000000014,-8.5,-8.4000000000000004,-8.3000000000000007,-8.1999999999999993,-8.1000000000000014,-8,-7.9000000000000004,-7.8000000000000007,-7.7000000000000002,-7.5999999999999996,-7.5,-7.4000000000000004,-7.3000000000000007,-7.2000000000000002,-7.0999999999999996,-7,-6.9000000000000004,-6.8000000000000007,-6.7000000000000002,-6.5999999999999996,-6.5,-6.4000000000000004,-6.3000000000000007,-6.2000000000000002,-6.0999999999999996,-6,-5.9000000000000004,-5.7999999999999998,-5.7000000000000002,-5.6000000000000005,-5.5,-5.4000000000000004,-5.2999999999999998,-5.2000000000000002,-5.0999999999999996,-5,-4.9000000000000004,-4.7999999999999998,-4.7000000000000002,-4.5999999999999996,-4.5,-4.4000000000000004,-4.2999999999999998,-4.2000000000000002,-4.0999999999999996,-4,-3.9000000000000004,-3.7999999999999998,-3.7000000000000002,-3.5999999999999996,-3.5,-3.4000000000000004,-3.2999999999999998,-3.2000000000000002,-3.0999999999999996,-3,-2.9000000000000004,-2.7999999999999998,-2.7000000000000002,-2.5999999999999996,-2.5,-2.4000000000000004,-2.2999999999999998,-2.2000000000000002,-2.0999999999999996,-2,-1.9000000000000004,-1.8000000000000007,-1.6999999999999993,-1.5999999999999996,-1.5,-1.4000000000000004,-1.3000000000000007,-1.1999999999999993,-1.0999999999999996,-1,-0.90000000000000036,-0.80000000000000071,-0.69999999999999929,-0.59999999999999964,-0.5,-0.40000000000000036,-0.29999999999999893,-0.19999999999999929,-0.099999999999999645,0,0.099999999999999645],[-9.8000000000000007,-9.6999999999999993,-9.5999999999999996,-9.5,-9.3999999999999986,-9.3000000000000007,-9.1999999999999993,-9.0999999999999996,-9,-8.8999999999999986,-8.8000000000000007,-8.6999999999999993,-8.5999999999999996,-8.5,-8.3999999999999986,-8.3000000000000007,-8.1999999999999993,-8.0999999999999996,-8,-7.8999999999999995,-7.7999999999999998,-7.6999999999999993,-7.5999999999999996,-7.5,-7.3999999999999995,-7.2999999999999998,-7.1999999999999993,-7.0999999999999996,-7,-6.8999999999999995,-6.7999999999999998,-6.6999999999999993,-6.5999999999999996,-6.5,-6.3999999999999995,-6.2999999999999998,-6.1999999999999993,-6.0999999999999996,-6,-5.8999999999999995,-5.7999999999999998,-5.6999999999999993,-5.5999999999999996,-5.5,-5.3999999999999995,-5.2999999999999998,-5.1999999999999993,-5.0999999999999996,-4.9999999999999991,-4.8999999999999995,-4.7999999999999998,-4.6999999999999993,-4.5999999999999996,-4.4999999999999991,-4.3999999999999995,-4.2999999999999998,-4.1999999999999993,-4.0999999999999996,-3.9999999999999991,-3.8999999999999995,-3.7999999999999998,-3.6999999999999993,-3.5999999999999996,-3.4999999999999991,-3.3999999999999995,-3.2999999999999998,-3.1999999999999993,-3.0999999999999996,-2.9999999999999991,-2.8999999999999995,-2.7999999999999998,-2.6999999999999993,-2.5999999999999996,-2.4999999999999991,-2.3999999999999995,-2.2999999999999998,-2.1999999999999993,-2.0999999999999996,-1.9999999999999991,-1.8999999999999995,-1.7999999999999998,-1.7000000000000002,-1.5999999999999988,-1.4999999999999991,-1.3999999999999995,-1.2999999999999998,-1.2000000000000002,-1.0999999999999988,-0.99999999999999911,-0.89999999999999947,-0.79999999999999982,-0.70000000000000018,-0.59999999999999876,-0.49999999999999911,-0.39999999999999947,-0.29999999999999982,-0.1999999999999984,-0.099999999999998757,8.8817841970012523e-16,0.10000000000000053,0.20000000000000018],[-9.6999999999999993,-9.6000000000000014,-9.5,-9.4000000000000004,-9.3000000000000007,-9.1999999999999993,-9.1000000000000014,-9,-8.9000000000000004,-8.8000000000000007,-8.6999999999999993,-8.5999999999999996,-8.5,-8.4000000000000004,-8.3000000000000007,-8.1999999999999993,-8.0999999999999996,-8,-7.9000000000000004,-7.7999999999999998,-7.7000000000000002,-7.5999999999999996,-7.5,-7.4000000000000004,-7.2999999999999998,-7.2000000000000002,-7.0999999999999996,-7,-6.9000000000000004,-6.7999999999999998,-6.7000000000000002,-6.5999999999999996,-6.5,-6.4000000000000004,-6.2999999999999998,-6.2000000000000002,-6.0999999999999996,-6,-5.9000000000000004,-5.7999999999999998,-5.7000000000000002,-5.5999999999999996,-5.5,-5.4000000000000004,-5.2999999999999998,-5.2000000000000002,-5.0999999999999996,-5,-4.8999999999999995,-4.7999999999999998,-4.7000000000000002,-4.5999999999999996,-4.5,-4.3999999999999995,-4.2999999999999998,-4.2000000000000002,-4.0999999999999996,-4,-3.8999999999999995,-3.7999999999999998,-3.7000000000000002,-3.5999999999999996,-3.5,-3.3999999999999995,-3.2999999999999998,-3.2000000000000002,-3.0999999999999996,-3,-2.8999999999999995,-2.7999999999999998,-2.7000000000000002,-2.5999999999999996,-2.5,-2.3999999999999995,-2.2999999999999998,-2.2000000000000002,-2.0999999999999996,-2,-1.8999999999999995,-1.7999999999999998,-1.7000000000000002,-1.6000000000000005,-1.4999999999999991,-1.3999999999999995,-1.2999999999999998,-1.2000000000000002,-1.1000000000000005,-0.99999999999999911,-0.89999999999999947,-0.79999999999999982,-0.70000000000000018,-0.60000000000000053,-0.49999999999999911,-0.39999999999999947,-0.29999999999999982,-0.20000000000000018,-0.099999999999998757,8.8817841970012523e-16,0.10000000000000053,0.20000000000000018,0.29999999999999982],[-9.5999999999999996,-9.5,-9.3999999999999986,-9.3000000000000007,-9.1999999999999993,-9.0999999999999996,-9,-8.8999999999999986,-8.8000000000000007,-8.6999999999999993,-8.5999999999999996,-8.5,-8.3999999999999986,-8.3000000000000007,-8.1999999999999993,-8.0999999999999996,-8,-7.8999999999999995,-7.7999999999999998,-7.6999999999999993,-7.5999999999999996,-7.5,-7.3999999999999995,-7.2999999999999989,-7.1999999999999993,-7.0999999999999996,-7,-6.8999999999999995,-6.7999999999999989,-6.6999999999999993,-6.5999999999999996,-6.5,-6.3999999999999995,-6.2999999999999989,-6.1999999999999993,-6.0999999999999996,-6,-5.8999999999999995,-5.7999999999999989,-5.6999999999999993,-5.5999999999999996,-5.4999999999999991,-5.3999999999999995,-5.2999999999999998,-5.1999999999999993,-5.0999999999999996,-4.9999999999999991,-4.8999999999999995,-4.7999999999999989,-4.6999999999999993,-4.5999999999999996,-4.4999999999999991,-4.3999999999999995,-4.2999999999999989,-4.1999999999999993,-4.0999999999999996,-3.9999999999999991,-3.8999999999999995,-3.7999999999999989,-3.6999999999999993,-3.5999999999999996,-3.4999999999999991,-3.3999999999999995,-3.2999999999999989,-3.1999999999999993,-3.0999999999999996,-2.9999999999999991,-2.8999999999999995,-2.7999999999999989,-2.6999999999999993,-2.5999999999999996,-2.4999999999999991,-2.3999999999999995,-2.2999999999999989,-2.1999999999999993,-2.0999999999999996,-1.9999999999999991,-1.8999999999999995,-1.7999999999999989,-1.6999999999999993,-1.5999999999999996,-1.5,-1.3999999999999986,-1.2999999999999989,-1.1999999999999993,-1.0999999999999996,-1,-0.89999999999999858,-0.79999999999999893,-0.69999999999999929,-0.59999999999999964,-0.5,-0.39999999999999858,-0.29999999999999893,-0.19999999999999929,-0.099999999999999645,1.7763568394002505e-15,0.10000000000000142,0.20000000000000107,0.30000000000000071,0.40000000000000036],[-9.5,-9.4000000000000004,-9.3000000000000007,-9.1999999999999993,-9.0999999999999996,-9,-8.9000000000000004,-8.8000000000000007,-8.6999999999999993,-8.5999999999999996,-8.5,-8.4000000000000004,-8.3000000000000007,-8.1999999999999993,-8.0999999999999996,-8,-7.9000000000000004,-7.7999999999999998,-7.7000000000000002,-7.5999999999999996,-7.5,-7.4000000000000004,-7.2999999999999998,-7.1999999999999993,-7.0999999999999996,-7,-6.9000000000000004,-6.7999999999999998,-6.6999999999999993,-6.5999999999999996,-6.5,-6.4000000000000004,-6.2999999999999998,-6.1999999999999993,-6.0999999999999996,-6,-5.9000000000000004,-5.7999999999999998,-5.6999999999999993,-5.5999999999999996,-5.5,-5.3999999999999995,-5.2999999999999998,-5.2000000000000002,-5.0999999999999996,-5,-4.8999999999999995,-4.7999999999999998,-4.6999999999999993,-4.5999999999999996,-4.5,-4.3999999999999995,-4.2999999999999998,-4.1999999999999993,-4.0999999999999996,-4,-3.8999999999999995,-3.7999999999999998,-3.6999999999999993,-3.5999999999999996,-3.5,-3.3999999999999995,-3.2999999999999998,-3.1999999999999993,-3.0999999999999996,-3,-2.8999999999999995,-2.7999999999999998,-2.6999999999999993,-2.5999999999999996,-2.5,-2.3999999999999995,-2.2999999999999998,-2.1999999999999993,-2.0999999999999996,-2,-1.8999999999999995,-1.7999999999999998,-1.6999999999999993,-1.5999999999999996,-1.5,-1.4000000000000004,-1.2999999999999989,-1.1999999999999993,-1.0999999999999996,-1,-0.90000000000000036,-0.79999999999999893,-0.69999999999999929,-0.59999999999999964,-0.5,-0.40000000000000036,-0.29999999999999893,-0.19999999999999929,-0.099999999999999645,0,0.10000000000000142,0.20000000000000107,0.30000000000000071,0.40000000000000036,0.5],[-9.4000000000000004,-9.3000000000000007,-9.1999999999999993,-9.1000000000000014,-9,-8.9000000000000004,-8.8000000000000007,-8.6999999999999993,-8.6000000000000014,-8.5,-8.4000000000000004,-8.3000000000000007,-8.1999999999999993,-8.1000000000000014,-8,-7.9000000000000004,-7.8000000000000007,-7.7000000000000002,-7.6000000000000005,-7.5,-7.4000000000000004,-7.3000000000000007,-7.2000000000000002,-7.0999999999999996,-7,-6.9000000000000004,-6.8000000000000007,-6.7000000000000002,-6.5999999999999996,-6.5,-6.4000000000000004,-6.3000000000000007,-6.2000000000000002,-6.0999999999999996,-6,-5.9000000000000004,-5.8000000000000007,-5.7000000000000002,-5.5999999999999996,-5.5,-5.4000000000000004,-5.2999999999999998,-5.2000000000000002,-5.1000000000000005,-5,-4.9000000000000004,-4.7999999999999998,-4.7000000000000002,-4.5999999999999996,-4.5,-4.4000000000000004,-4.2999999999999998,-4.2000000000000002,-4.0999999999999996,-4,-3.9000000000000004,-3.7999999999999998,-3.7000000000000002,-3.5999999999999996,-3.5,-3.4000000000000004,-3.2999999999999998,-3.2000000000000002,-3.0999999999999996,-3,-2.9000000000000004,-2.7999999999999998,-2.7000000000000002,-2.5999999999999996,-2.5,-2.4000000000000004,-2.2999999999999998,-2.2000000000000002,-2.0999999999999996,-2,-1.9000000000000004,-1.7999999999999998,-1.7000000000000002,-1.5999999999999996,-1.5,-1.4000000000000004,-1.3000000000000007,-1.1999999999999993,-1.0999999999999996,-1,-0.90000000000000036,-0.80000000000000071,-0.69999999999999929,-0.59999999999999964,-0.5,-0.40000000000000036,-0.30000000000000071,-0.19999999999999929,-0.099999999999999645,0,0.099999999999999645,0.20000000000000107,0.30000000000000071,0.40000000000000036,0.5,0.59999999999999964],[-9.3000000000000007,-9.1999999999999993,-9.0999999999999996,-9,-8.8999999999999986,-8.8000000000000007,-8.6999999999999993,-8.5999999999999996,-8.5,-8.3999999999999986,-8.3000000000000007,-8.1999999999999993,-8.0999999999999996,-8,-7.8999999999999995,-7.7999999999999998,-7.6999999999999993,-7.5999999999999996,-7.5,-7.3999999999999995,-7.2999999999999998,-7.1999999999999993,-7.0999999999999996,-7,-6.8999999999999995,-6.7999999999999998,-6.6999999999999993,-6.5999999999999996,-6.5,-6.3999999999999995,-6.2999999999999998,-6.1999999999999993,-6.0999999999999996,-6,-5.8999999999999995,-5.7999999999999998,-5.6999999999999993,-5.5999999999999996,-5.5,-5.3999999999999995,-5.2999999999999998,-5.1999999999999993,-5.0999999999999996,-5,-4.8999999999999995,-4.7999999999999998,-4.6999999999999993,-4.5999999999999996,-4.4999999999999991,-4.3999999999999995,-4.2999999999999998,-4.1999999999999993,-4.0999999999999996,-3.9999999999999991,-3.8999999999999995,-3.7999999999999998,-3.6999999999999993,-3.5999999999999996,-3.4999999999999991,-3.3999999999999995,-3.2999999999999998,-3.1999999999999993,-3.0999999999999996,-2.9999999999999991,-2.8999999999999995,-2.7999999999999998,-2.6999999999999993,-2.5999999999999996,-2.4999999999999991,-2.3999999999999995,-2.2999999999999998,-2.1999999999999993,-2.0999999999999996,-1.9999999999999991,-1.8999999999999995,-1.7999999999999998,-1.6999999999999993,-1.5999999999999996,-1.4999999999999991,-1.3999999999999995,-1.2999999999999998,-1.2000000000000002,-1.0999999999999988,-0.99999999999999911,-0.89999999999999947,-0.79999999999999982,-0.70000000000000018,-0.59999999999999876,-0.49999999999999911,-0.39999999999999947,-0.29999999999999982,-0.20000000000000018,-0.099999999999998757,8.8817841970012523e-16,0.10000000000000053,0.20000000000000018,0.3000000000000016,0.40000000000000124,0.50000000000000089,0.60000000000000053,0.70000000000000018],[-9.1999999999999993,-9.1000000000000014,-9,-8.9000000000000004,-8.8000000000000007,-8.6999999999999993,-8.6000000000000014,-8.5,-8.4000000000000004,-8.3000000000000007,-8.1999999999999993,-8.0999999999999996,-8,-7.9000000000000004,-7.7999999999999998,-7.7000000000000002,-7.5999999999999996,-7.5,-7.4000000000000004,-7.2999999999999998,-7.2000000000000002,-7.0999999999999996,-7,-6.9000000000000004,-6.7999999999999998,-6.7000000000000002,-6.5999999999999996,-6.5,-6.4000000000000004,-6.2999999999999998,-6.2000000000000002,-6.0999999999999996,-6,-5.9000000000000004,-5.7999999999999998,-5.7000000000000002,-5.5999999999999996,-5.5,-5.4000000000000004,-5.2999999999999998,-5.2000000000000002,-5.0999999999999996,-5,-4.9000000000000004,-4.7999999999999998,-4.7000000000000002,-4.5999999999999996,-4.5,-4.3999999999999995,-4.2999999999999998,-4.2000000000000002,-4.0999999999999996,-4,-3.8999999999999995,-3.7999999999999998,-3.7000000000000002,-3.5999999999999996,-3.5,-3.3999999999999995,-3.2999999999999998,-3.2000000000000002,-3.0999999999999996,-3,-2.8999999999999995,-2.7999999999999998,-2.7000000000000002,-2.5999999999999996,-2.5,-2.3999999999999995,-2.2999999999999998,-2.2000000000000002,-2.0999999999999996,-2,-1.8999999999999995,-1.7999999999999998,-1.7000000000000002,-1.5999999999999996,-1.5,-1.3999999999999995,-1.2999999999999998,-1.2000000000000002,-1.1000000000000005,-0.99999999999999911,-0.89999999999999947,-0.79999999999999982,-0.70000000000000018,-0.60000000000000053,-0.49999999999999911,-0.39999999999999947,-0.29999999999999982,-0.20000000000000018,-0.10000000000000053,8.8817841970012523e-16,0.10000000000000053,0.20000000000000018,0.29999999999999982,0.40000000000000124,0.50000000000000089,0.60000000000000053,0.70000000000000018,0.79999999999999982],[-9.0999999999999996,-9,-8.8999999999999986,-8.8000000000000007,-8.6999999999999993,-8.5999999999999996,-8.5,-8.3999999999999986,-8.3000000000000007,-8.1999999999999993,-8.0999999999999996,-8,-7.8999999999999995,-7.7999999999999998,-7.6999999999999993,-7.5999999999999996,-7.5,-7.3999999999999995,-7.2999999999999998,-7.1999999999999993,-7.0999999999999996,-7,-6.8999999999999995,-6.7999999999999989,-6.6999999999999993,-6.5999999999999996,-6.5,-6.3999999999999995,-6.2999999999999989,-6.1999999999999993,-6.0999999999999996,-6,-5.8999999999999995,-5.7999999999999989,-5.6999999999999993,-5.5999999999999996,-5.5,-5.3999999999999995,-5.2999999999999989,-5.1999999999999993,-5.0999999999999996,-4.9999999999999991,-4.8999999999999995,-4.7999999999999998,-4.6999999999999993,-4.5999999999999996,-4.4999999999999991,-4.3999999999999995,-4.2999999999999989,-4.1999999999999993,-4.0999999999999996,-3.9999999999999991,-3.8999999999999995,-3.7999999999999989,-3.6999999999999993,-3.5999999999999996,-3.4999999999999991,-3.3999999999999995,-3.2999999999999989,-3.1999999999999993,-3.0999999999999996,-2.9999999999999991,-2.8999999999999995,-2.7999999999999989,-2.6999999999999993,-2.5999999999999996,-2.4999999999999991,-2.3999999999999995,-2.2999999999999989,-2.1999999999999993,-2.0999999999999996,-1.9999999999999991,-1.8999999999999995,-1.7999999999999989,-1.6999999999999993,-1.5999999999999996,-1.4999999999999991,-1.3999999999999995,-1.2999999999999989,-1.1999999999999993,-1.0999999999999996,-1,-0.89999999999999858,-0.79999999999999893,-0.69999999999999929,-0.59999999999999964,-0.5,-0.39999999999999858,-0.29999999999999893,-0.19999999999999929,-0.099999999999999645,0,0.10000000000000142,0.20000000000000107,0.30000000000000071,0.40000000000000036,0.50000000000000178,0.60000000000000142,0.70000000000000107,0.80000000000000071,0.90000000000000036],[-9,-8.9000000000000004,-8.8000000000000007,-8.6999999999999993,-8.5999999999999996,-8.5,-8.4000000000000004,-8.3000000000000007,-8.1999999999999993,-8.0999999999999996,-8,-7.9000000000000004,-7.7999999999999998,-7.7000000000000002,-7.5999999999999996,-7.5,-7.4000000000000004,-7.2999999999999998,-7.2000000000000002,-7.0999999999999996,-7,-6.9000000000000004,-6.7999999999999998,-6.6999999999999993,-6.5999999999999996,-6.5,-6.4000000000000004,-6.2999999999999998,-6.1999999999999993,-6.0999999999999996,-6,-5.9000000000000004,-5.7999999999999998,-5.6999999999999993,-5.5999999999999996,-5.5,-5.4000000000000004,-5.2999999999999998,-5.1999999999999993,-5.0999999999999996,-5,-4.8999999999999995,-4.7999999999999998,-4.7000000000000002,-4.5999999999999996,-4.5,-4.3999999999999995,-4.2999999999999998,-4.1999999999999993,-4.0999999999999996,-4,-3.8999999999999995,-3.7999999999999998,-3.6999999999999993,-3.5999999999999996,-3.5,-3.3999999999999995,-3.2999999999999998,-3.1999999999999993,-3.0999999999999996,-3,-2.8999999999999995,-2.7999999999999998,-2.6999999999999993,-2.5999999999999996,-2.5,-2.3999999999999995,-2.2999999999999998,-2.1999999999999993,-2.0999999999999996,-2,-1.8999999999999995,-1.7999999999999998,-1.6999999999999993,-1.5999999999999996,-1.5,-1.3999999999999995,-1.2999999999999998,-1.1999999999999993,-1.0999999999999996,-1,-0.90000000000000036,-0.79999999999999893,-0.69999999999999929,-0.59999999999999964,-0.5,-0.40000000000000036,-0.29999999999999893,-0.19999999999999929,-0.099999999999999645,0,0.099999999999999645,0.20000000000000107,0.30000000000000071,0.40000000000000036,0.5,0.60000000000000142,0.70000000000000107,0.80000000000000071,0.90000000000000036,1],[-8.9000000000000004,-8.8000000000000007,-8.6999999999999993,-8.5999999999999996,-8.5,-8.4000000000000004,-8.3000000000000007,-8.1999999999999993,-8.0999999999999996,-8,-7.9000000000000004,-7.7999999999999998,-7.6999999999999993,-7.5999999999999996,-7.5,-7.4000000000000004,-7.2999999999999998,-7.1999999999999993,-7.0999999999999996,-7,-6.9000000000000004,-6.7999999999999998,-6.6999999999999993,-6.5999999999999996,-6.5,-6.4000000000000004,-6.2999999999999998,-6.1999999999999993,-6.0999999999999996,-6,-5.9000000000000004,-5.7999999999999998,-5.6999999999999993,-5.5999999999999996,-5.5,-5.4000000000000004,-5.2999999999999998,-5.1999999999999993,-5.0999999999999996,-5,-4.9000000000000004,-4.7999999999999989,-4.6999999999999993,-4.5999999999999996,-4.5,-4.4000000000000004,-4.2999999999999989,-4.1999999999999993,-4.0999999999999996,-3.9999999999999996,-3.8999999999999999,-3.7999999999999994,-3.6999999999999997,-3.5999999999999992,-3.4999999999999996,-3.3999999999999999,-3.2999999999999994,-3.1999999999999997,-3.0999999999999992,-2.9999999999999996,-2.8999999999999999,-2.7999999999999994,-2.6999999999999997,-2.5999999999999992,-2.4999999999999996,-2.3999999999999999,-2.2999999999999994,-2.1999999999999997,-2.0999999999999992,-1.9999999999999996,-1.8999999999999999,-1.7999999999999994,-1.6999999999999997,-1.5999999999999992,-1.4999999999999996,-1.3999999999999999,-1.2999999999999994,-1.1999999999999997,-1.0999999999999992,-0.99999999999999956,-0.89999999999999991,-0.80000000000000027,-0.69999999999999885,-0.5999999999999992,-0.49999999999999956,-0.39999999999999991,-0.30000000000000027,-0.19999999999999885,-0.099999999999999201,4.4408920985006262e-16,0.10000000000000009,0.19999999999999973,0.30000000000000115,0.4000000000000008,0.50000000000000044,0.60000000000000009,0.70000000000000151,0.80000000000000115,0.9000000000000008,1.0000000000000004,1.1000000000000001],[-8.8000000000000007,-8.6999999999999993,-8.5999999999999996,-8.5,-8.3999999999999986,-8.3000000000000007,-8.1999999999999993,-8.0999999999999996,-8,-7.8999999999999995,-7.7999999999999998,-7.6999999999999993,-7.5999999999999996,-7.5,-7.3999999999999995,-7.2999999999999998,-7.1999999999999993,-7.0999999999999996,-7,-6.8999999999999995,-6.7999999999999998,-6.6999999999999993,-6.5999999999999996,-6.5,-6.3999999999999995,-6.2999999999999998,-6.1999999999999993,-6.0999999999999996,-6,-5.8999999999999995,-5.7999999999999998,-5.6999999999999993,-5.5999999999999996,-5.5,-5.3999999999999995,-5.2999999999999998,-5.1999999999999993,-5.0999999999999996,-5,-4.8999999999999995,-4.7999999999999998,-4.6999999999999993,-4.5999999999999996,-4.5,-4.3999999999999995,-4.2999999999999998,-4.1999999999999993,-4.0999999999999996,-3.9999999999999991,-3.8999999999999995,-3.7999999999999998,-3.6999999999999993,-3.5999999999999996,-3.4999999999999991,-3.3999999999999995,-3.2999999999999998,-3.1999999999999993,-3.0999999999999996,-2.9999999999999991,-2.8999999999999995,-2.7999999999999998,-2.6999999999999993,-2.5999999999999996,-2.4999999999999991,-2.3999999999999995,-2.2999999999999998,-2.1999999999999993,-2.0999999999999996,-1.9999999999999991,-1.8999999999999995,-1.7999999999999998,-1.6999999999999993,-1.5999999999999996,-1.4999999999999991,-1.3999999999999995,-1.2999999999999998,-1.1999999999999993,-1.0999999999999996,-0.99999999999999911,-0.89999999999999947,-0.79999999999999982,-0.70000000000000018,-0.59999999999999876,-0.49999999999999911,-0.39999999999999947,-0.29999999999999982,-0.20000000000000018,-0.099999999999998757,8.8817841970012523e-16,0.10000000000000053,0.20000000000000018,0.29999999999999982,0.40000000000000124,0.50000000000000089,0.60000000000000053,0.70000000000000018,0.8000000000000016,0.90000000000000124,1.0000000000000009,1.1000000000000005,1.2000000000000002],[-8.6999999999999993,-8.6000000000000014,-8.5,-8.4000000000000004,-8.3000000000000007,-8.1999999999999993,-8.1000000000000014,-8,-7.9000000000000004,-7.7999999999999998,-7.7000000000000002,-7.5999999999999996,-7.5,-7.4000000000000004,-7.2999999999999998,-7.2000000000000002,-7.0999999999999996,-7,-6.9000000000000004,-6.7999999999999998,-6.7000000000000002,-6.5999999999999996,-6.5,-6.4000000000000004,-6.2999999999999998,-6.2000000000000002,-6.0999999999999996,-6,-5.9000000000000004,-5.7999999999999998,-5.7000000000000002,-5.5999999999999996,-5.5,-5.4000000000000004,-5.2999999999999998,-5.2000000000000002,-5.0999999999999996,-5,-4.9000000000000004,-4.7999999999999998,-4.7000000000000002,-4.5999999999999996,-4.5,-4.4000000000000004,-4.2999999999999998,-4.2000000000000002,-4.0999999999999996,-4,-3.8999999999999995,-3.7999999999999998,-3.7000000000000002,-3.5999999999999996,-3.5,-3.3999999999999995,-3.2999999999999998,-3.2000000000000002,-3.0999999999999996,-3,-2.8999999999999995,-2.7999999999999998,-2.7000000000000002,-2.5999999999999996,-2.5,-2.3999999999999995,-2.2999999999999998,-2.2000000000000002,-2.0999999999999996,-2,-1.8999999999999995,-1.7999999999999998,-1.7000000000000002,-1.5999999999999996,-1.5,-1.3999999999999995,-1.2999999999999998,-1.2000000000000002,-1.0999999999999996,-1,-0.89999999999999947,-0.79999999999999982,-0.70000000000000018,-0.60000000000000053,-0.49999999999999911,-0.39999999999999947,-0.29999999999999982,-0.20000000000000018,-0.10000000000000053,8.8817841970012523e-16,0.10000000000000053,0.20000000000000018,0.29999999999999982,0.39999999999999947,0.50000000000000089,0.60000000000000053,0.70000000000000018,0.79999999999999982,0.90000000000000124,1.0000000000000009,1.1000000000000005,1.2000000000000002,1.2999999999999998],[-8.5999999999999996,-8.5,-8.3999999999999986,-8.3000000000000007,-8.1999999999999993,-8.0999999999999996,-8,-7.8999999999999995,-7.7999999999999998,-7.6999999999999993,-7.5999999999999996,-7.5,-7.3999999999999995,-7.2999999999999998,-7.1999999999999993,-7.0999999999999996,-7,-6.8999999999999995,-6.7999999999999998,-6.6999999999999993,-6.5999999999999996,-6.5,-6.3999999999999995,-6.2999999999999989,-6.1999999999999993,-6.0999999999999996,-6,-5.8999999999999995,-5.7999999999999989,-5.6999999999999993,-5.5999999999999996,-5.5,-5.3999999999999995,-5.2999999999999989,-5.1999999999999993,-5.0999999999999996,-5,-4.8999999999999995,-4.7999999999999989,-4.6999999999999993,-4.5999999999999996,-4.4999999999999991,-4.3999999999999995,-4.2999999999999998,-4.1999999999999993,-4.0999999999999996,-3.9999999999999991,-3.8999999999999995,-3.7999999999999989,-3.6999999999999993,-3.5999999999999996,-3.4999999999999991,-3.3999999999999995,-3.2999999999999989,-3.1999999999999993,-3.0999999999999996,-2.9999999999999991,-2.8999999999999995,-2.7999999999999989,-2.6999999999999993,-2.5999999999999996,-2.4999999999999991,-2.3999999999999995,-2.2999999999999989,-2.1999999999999993,-2.0999999999999996,-1.9999999999999991,-1.8999999999999995,-1.7999999999999989,-1.6999999999999993,-1.5999999999999996,-1.4999999999999991,-1.3999999999999995,-1.2999999999999989,-1.1999999999999993,-1.0999999999999996,-0.99999999999999911,-0.89999999999999947,-0.79999999999999893,-0.69999999999999929,-0.59999999999999964,-0.5,-0.39999999999999858,-0.29999999999999893,-0.19999999999999929,-0.099999999999999645,0,0.10000000000000142,0.20000000000000107,0.30000000000000071,0.40000000000000036,0.5,0.60000000000000142,0.70000000000000107,0.80000000000000071,0.90000000000000036,1.0000000000000018,1.1000000000000014,1.2000000000000011,1.3000000000000007,1.4000000000000004],[-8.5,-8.4000000000000004,-8.3000000000000007,-8.1999999999999993,-8.0999999999999996,-8,-7.9000000000000004,-7.7999999999999998,-7.7000000000000002,-7.5999999999999996,-7.5,-7.4000000000000004,-7.2999999999999998,-7.2000000000000002,-7.0999999999999996,-7,-6.9000000000000004,-6.7999999999999998,-6.7000000000000002,-6.5999999999999996,-6.5,-6.4000000000000004,-6.2999999999999998,-6.1999999999999993,-6.0999999999999996,-6,-5.9000000000000004,-5.7999999999999998,-5.6999999999999993,-5.5999999999999996,-5.5,-5.4000000000000004,-5.2999999999999998,-5.1999999999999993,-5.0999999999999996,-5,-4.9000000000000004,-4.7999999999999998,-4.6999999999999993,-4.5999999999999996,-4.5,-4.3999999999999995,-4.2999999999999998,-4.2000000000000002,-4.0999999999999996,-4,-3.8999999999999995,-3.7999999999999998,-3.6999999999999993,-3.5999999999999996,-3.5,-3.3999999999999995,-3.2999999999999998,-3.1999999999999993,-3.0999999999999996,-3,-2.8999999999999995,-2.7999999999999998,-2.6999999999999993,-2.5999999999999996,-2.5,-2.3999999999999995,-2.2999999999999998,-2.1999999999999993,-2.0999999999999996,-2,-1.8999999999999995,-1.7999999999999998,-1.6999999999999993,-1.5999999999999996,-1.5,-1.3999999999999995,-1.2999999999999998,-1.1999999999999993,-1.0999999999999996,-1,-0.89999999999999947,-0.79999999999999982,-0.69999999999999929,-0.59999999999999964,-0.5,-0.40000000000000036,-0.29999999999999893,-0.19999999999999929,-0.099999999999999645,0,0.099999999999999645,0.20000000000000107,0.30000000000000071,0.40000000000000036,0.5,0.59999999999999964,0.70000000000000107,0.80000000000000071,0.90000000000000036,1,1.1000000000000014,1.2000000000000011,1.3000000000000007,1.4000000000000004,1.5],[-8.4000000000000004,-8.3000000000000007,-8.1999999999999993,-8.0999999999999996,-8,-7.9000000000000004,-7.8000000000000007,-7.6999999999999993,-7.5999999999999996,-7.5,-7.4000000000000004,-7.2999999999999998,-7.1999999999999993,-7.0999999999999996,-7,-6.9000000000000004,-6.7999999999999998,-6.6999999999999993,-6.5999999999999996,-6.5,-6.4000000000000004,-6.2999999999999998,-6.1999999999999993,-6.0999999999999996,-6,-5.9000000000000004,-5.7999999999999998,-5.6999999999999993,-5.5999999999999996,-5.5,-5.4000000000000004,-5.2999999999999998,-5.1999999999999993,-5.0999999999999996,-5,-4.9000000000000004,-4.7999999999999998,-4.6999999999999993,-4.5999999999999996,-4.5,-4.4000000000000004,-4.2999999999999989,-4.1999999999999993,-4.0999999999999996,-3.9999999999999996,-3.8999999999999999,-3.7999999999999994,-3.6999999999999997,-3.5999999999999992,-3.4999999999999996,-3.3999999999999999,-3.2999999999999994,-3.1999999999999997,-3.0999999999999992,-2.9999999999999996,-2.8999999999999999,-2.7999999999999994,-2.6999999999999997,-2.5999999999999992,-2.4999999999999996,-2.3999999999999999,-2.2999999999999994,-2.1999999999999997,-2.0999999999999992,-1.9999999999999996,-1.8999999999999999,-1.7999999999999994,-1.6999999999999997,-1.5999999999999992,-1.4999999999999996,-1.3999999999999999,-1.2999999999999994,-1.1999999999999997,-1.0999999999999992,-0.99999999999999956,-0.89999999999999991,-0.79999999999999938,-0.69999999999999973,-0.5999999999999992,-0.49999999999999956,-0.39999999999999991,-0.30000000000000027,-0.19999999999999885,-0.099999999999999201,4.4408920985006262e-16,0.10000000000000009,0.19999999999999973,0.30000000000000115,0.4000000000000008,0.50000000000000044,0.60000000000000009,0.69999999999999973,0.80000000000000115,0.9000000000000008,1.0000000000000004,1.1000000000000001,1.2000000000000015,1.3000000000000012,1.4000000000000008,1.5000000000000004,1.6000000000000001],[-8.3000000000000007,-8.1999999999999993,-8.0999999999999996,-8,-7.8999999999999995,-7.7999999999999998,-7.7000000000000002,-7.5999999999999996,-7.5,-7.3999999999999995,-7.2999999999999998,-7.1999999999999993,-7.0999999999999996,-7,-6.8999999999999995,-6.7999999999999998,-6.6999999999999993,-6.5999999999999996,-6.5,-6.3999999999999995,-6.2999999999999998,-6.1999999999999993,-6.0999999999999996,-6,-5.8999999999999995,-5.7999999999999998,-5.6999999999999993,-5.5999999999999996,-5.5,-5.3999999999999995,-5.2999999999999998,-5.1999999999999993,-5.0999999999999996,-5,-4.8999999999999995,-4.7999999999999998,-4.6999999999999993,-4.5999999999999996,-4.5,-4.3999999999999995,-4.2999999999999998,-4.1999999999999993,-4.0999999999999996,-4,-3.8999999999999995,-3.7999999999999998,-3.6999999999999993,-3.5999999999999996,-3.4999999999999991,-3.3999999999999995,-3.29