<!DOCTYPE html>
<html lang="" xml:lang="">
  <head>
    <title>Multivariate distributions</title>
    <meta charset="utf-8" />
    <meta name="author" content="MACS 33000   University of Chicago" />
    <script src="12-multivariate-pdf_files/header-attrs/header-attrs.js"></script>
    <link href="12-multivariate-pdf_files/remark-css/default.css" rel="stylesheet" />
    <link href="12-multivariate-pdf_files/remark-css/default-fonts.css" rel="stylesheet" />
    <link href="12-multivariate-pdf_files/htmltools-fill/fill.css" rel="stylesheet" />
    <script src="12-multivariate-pdf_files/htmlwidgets/htmlwidgets.js"></script>
    <script src="12-multivariate-pdf_files/plotly-binding/plotly.js"></script>
    <script src="12-multivariate-pdf_files/typedarray/typedarray.min.js"></script>
    <script src="12-multivariate-pdf_files/jquery/jquery.min.js"></script>
    <link href="12-multivariate-pdf_files/crosstalk/css/crosstalk.min.css" rel="stylesheet" />
    <script src="12-multivariate-pdf_files/crosstalk/js/crosstalk.min.js"></script>
    <link href="12-multivariate-pdf_files/plotly-htmlwidgets-css/plotly-htmlwidgets.css" rel="stylesheet" />
    <script src="12-multivariate-pdf_files/plotly-main/plotly-latest.min.js"></script>
  </head>
  <body>
    <textarea id="source">
class: center, middle, inverse, title-slide

.title[
# Multivariate distributions
]
.author[
### <a href="https://jmclip.github.io/MACSS_math_camp/">MACS 33000</a> <br /> University of Chicago
]

---







`$$\newcommand{\E}{\mathrm{E}} \newcommand{\Var}{\mathrm{Var}} \newcommand{\Cov}{\mathrm{Cov}} \newcommand{\Cor}{\mathrm{Cor}}$$`


# Misc

* Calcs spoken for
* Link for practice questions open on github / pset
* Meetings with preceptors!

---

# Acronym recap:

* Discrete: pmf and CMF
* Continuous: pdf and CDF
  * The lowercase reflects that we're associating it with particular values (e.g. f)
  * Uppercase is integrating (e.g. F)
* Rules of probability:
  * `\(0 \leq p(x) \leq 1\)`
  * Total probability must sum to 1!
* Expected values: tells us what we can anticipate getting from our function: IN THE LONG RUN
  * multiply your value times its probability
* Moments: tell us about the function and multiply `\(x^n\)` by the probability for the `\(n^{th}\)` moment

---

# Learning objectives

* Define a joint probability density function
* Condition pdfs on other random variables
* Identify independence between two random variables
* Define covariance and correlation
* Examine sums of random variables
* Define the multivariate normal distribution

---

# Multivariate distribution

`\(X\)` and `\(Y\)` are **jointly continuous** if, for all `\(x\in\Re\)` and `\(y\in \Re\)`, there exists a function `\(f(x,y)\)` such that `\(C \subset \Re^{2}\)`, 

`$$\Pr\{(X, Y) \in C \}  = \iint_{(x,y)\in C} f(x,y)\, dx\, dy$$`

--

What is `\(C \subset R^{2}\)`?

--

* `\(R^{2} = R \underbrace{\times}_{\text{Cartesian Product}} R\)`
* `\(C\)` is a subset of the 2-d plane

---

## `\(C = \{x, y: x \in [0,1] , y\in [0,1] \}\)`

&lt;img src="12-multivariate-pdf_files/figure-html/a-2d-rect-1.png" width="864" style="display: block; margin: auto;" /&gt;

---

# `\(C = \{x, y: x^2 + y^2 \leq 1 \}\)`

&lt;img src="12-multivariate-pdf_files/figure-html/a-2d-circle-1.png" width="864" style="display: block; margin: auto;" /&gt;

---

# `\(C = \{ x, y: x&gt; y, x,y\in(0,2)\}\)`

&lt;img src="12-multivariate-pdf_files/figure-html/a-2d-triangle-1.png" width="864" style="display: block; margin: auto;" /&gt;

---

# Multivariate distribution: role of integrals

`$$\begin{aligned}
C &amp;= \{ x, y: x \in A, y \in B \} \\
\Pr\{(X,Y) \in C \} &amp;= \int_{B} \int_{A} f(x,y) \, dx\, dy
\end{aligned}$$`

---

# Examples of joint pdfs

Consider a function `\(f:\Re \times \Re \rightarrow \Re\)`:

* Input: an `\(x\)` value and a `\(y\)` value.
* Output: a number from the real line
* `\(f(x,y) = a\)`


---

# Examples of joint pdfs: normal
`\(f(x,y) = \frac{1}{2\pi}exp[\frac{(x^2+y^2)}{-2}]\)`
<div class="plotly html-widget html-fill-item" id="htmlwidget-9eceb20dc2a931752ae4" style="width:864px;height:504px;"></div>
<script type="application/json" data-for="htmlwidget-9eceb20dc2a931752ae4">{"x":{"visdat":{"d4314a085e75":["function () ","plotlyVisDat"]},"cur_data":"d4314a085e75","attrs":{"d4314a085e75":{"x":{},"y":{},"z":{},"alpha_stroke":1,"sizes":[10,100],"spans":[1,20],"type":"surface","inherit":true}},"layout":{"margin":{"b":100,"l":5,"t":0,"r":50,"pad":0},"scene":{"xaxis":{"title":"x"},"yaxis":{"title":"y"},"zaxis":{"title":"z_mat"}},"hovermode":"closest","showlegend":false,"legend":{"yanchor":"top","y":0.5}},"source":"A","config":{"modeBarButtonsToAdd":["hoverclosest","hovercompare"],"showSendToCloud":false},"data":[{"colorbar":{"title":"z_mat","ticklen":2,"len":0.5,"lenmode":"fraction","y":1,"yanchor":"top"},"colorscale":[["0","rgba(68,1,84,1)"],["0.0416666666666667","rgba(70,19,97,1)"],["0.0833333333333333","rgba(72,32,111,1)"],["0.125","rgba(71,45,122,1)"],["0.166666666666667","rgba(68,58,128,1)"],["0.208333333333333","rgba(64,70,135,1)"],["0.25","rgba(60,82,138,1)"],["0.291666666666667","rgba(56,93,140,1)"],["0.333333333333333","rgba(49,104,142,1)"],["0.375","rgba(46,114,142,1)"],["0.416666666666667","rgba(42,123,142,1)"],["0.458333333333333","rgba(38,133,141,1)"],["0.5","rgba(37,144,140,1)"],["0.541666666666667","rgba(33,154,138,1)"],["0.583333333333333","rgba(39,164,133,1)"],["0.625","rgba(47,174,127,1)"],["0.666666666666667","rgba(53,183,121,1)"],["0.708333333333333","rgba(79,191,110,1)"],["0.75","rgba(98,199,98,1)"],["0.791666666666667","rgba(119,207,85,1)"],["0.833333333333333","rgba(147,214,70,1)"],["0.875","rgba(172,220,52,1)"],["0.916666666666667","rgba(199,225,42,1)"],["0.958333333333333","rgba(226,228,40,1)"],["1","rgba(253,231,37,1)"]],"showscale":true,"x":[-2,-1.96,-1.9199999999999999,-1.8799999999999999,-1.8400000000000001,-1.8,-1.76,-1.72,-1.6799999999999999,-1.6400000000000001,-1.6000000000000001,-1.5600000000000001,-1.52,-1.48,-1.4399999999999999,-1.3999999999999999,-1.3599999999999999,-1.3199999999999998,-1.28,-1.24,-1.2,-1.1600000000000001,-1.1200000000000001,-1.0800000000000001,-1.04,-1,-0.95999999999999996,-0.91999999999999993,-0.87999999999999989,-0.84000000000000008,-0.80000000000000004,-0.76000000000000001,-0.71999999999999997,-0.67999999999999994,-0.6399999999999999,-0.59999999999999987,-0.56000000000000005,-0.52000000000000002,-0.47999999999999998,-0.43999999999999995,-0.39999999999999991,-0.35999999999999988,-0.32000000000000006,-0.28000000000000003,-0.23999999999999999,-0.19999999999999996,-0.15999999999999992,-0.11999999999999988,-0.080000000000000071,-0.040000000000000036,0,0.040000000000000036,0.080000000000000071,0.12000000000000011,0.16000000000000014,0.20000000000000018,0.24000000000000021,0.28000000000000025,0.31999999999999984,0.35999999999999988,0.39999999999999991,0.43999999999999995,0.47999999999999998,0.52000000000000002,0.56000000000000005,0.60000000000000009,0.64000000000000012,0.68000000000000016,0.7200000000000002,0.76000000000000023,0.80000000000000027,0.83999999999999986,0.87999999999999989,0.91999999999999993,0.95999999999999996,1,1.04,1.0800000000000001,1.1200000000000001,1.1600000000000001,1.2000000000000002,1.2400000000000002,1.2800000000000002,1.3200000000000003,1.3599999999999999,1.3999999999999999,1.4399999999999999,1.48,1.52,1.5600000000000001,1.6000000000000001,1.6400000000000001,1.6800000000000002,1.7200000000000002,1.7600000000000002,1.8000000000000003,1.8399999999999999,1.8799999999999999,1.9199999999999999,1.96,2],"y":[-2,-1.96,-1.9199999999999999,-1.8799999999999999,-1.8400000000000001,-1.8,-1.76,-1.72,-1.6799999999999999,-1.6400000000000001,-1.6000000000000001,-1.5600000000000001,-1.52,-1.48,-1.4399999999999999,-1.3999999999999999,-1.3599999999999999,-1.3199999999999998,-1.28,-1.24,-1.2,-1.1600000000000001,-1.1200000000000001,-1.0800000000000001,-1.04,-1,-0.95999999999999996,-0.91999999999999993,-0.87999999999999989,-0.84000000000000008,-0.80000000000000004,-0.76000000000000001,-0.71999999999999997,-0.67999999999999994,-0.6399999999999999,-0.59999999999999987,-0.56000000000000005,-0.52000000000000002,-0.47999999999999998,-0.43999999999999995,-0.39999999999999991,-0.35999999999999988,-0.32000000000000006,-0.28000000000000003,-0.23999999999999999,-0.19999999999999996,-0.15999999999999992,-0.11999999999999988,-0.080000000000000071,-0.040000000000000036,0,0.040000000000000036,0.080000000000000071,0.12000000000000011,0.16000000000000014,0.20000000000000018,0.24000000000000021,0.28000000000000025,0.31999999999999984,0.35999999999999988,0.39999999999999991,0.43999999999999995,0.47999999999999998,0.52000000000000002,0.56000000000000005,0.60000000000000009,0.64000000000000012,0.68000000000000016,0.7200000000000002,0.76000000000000023,0.80000000000000027,0.83999999999999986,0.87999999999999989,0.91999999999999993,0.95999999999999996,1,1.04,1.0800000000000001,1.1200000000000001,1.1600000000000001,1.2000000000000002,1.2400000000000002,1.2800000000000002,1.3200000000000003,1.3599999999999999,1.3999999999999999,1.4399999999999999,1.48,1.52,1.5600000000000001,1.6000000000000001,1.6400000000000001,1.6800000000000002,1.7200000000000002,1.7600000000000002,1.8000000000000003,1.8399999999999999,1.8799999999999999,1.9199999999999999,1.96,2],"z":[[0.0029150244650281948,0.0031552830685064662,0.0034098837935359152,0.0036791369954507149,0.0039633047599361097,0.0042625953530344724,0.0045771576844913604,0.0049070758405529548,0.0052523637458022042,0.005612960016569659,0.0059887230707933534,0.0063794265608507874,0.006784755196771599,0.0072043010272956369,0.0076375602454110186,0.0080839305832440186,0.0085427093584435534,0.0090130922304875512,0.0094941727206312616,0.0099849425435298688,0.010484292791926746,0.010991016008249595,0.011503809168561334,0.012021277595150495,0.012541939804212972,0.013064233284684923,0.013586521193461716,0.014107099941119392,0.014624207630993185,0.015136033303221483,0.015640726924298666,0.016136410051965418,0.016621187095070565,0.017093157078531655,0.017550425814864774,0.017991118376101546,0.01841339175340518,0.018815447586466555,0.01919554484091637,0.019552012309622557,0.019883260812923801,0.020187794973626452,0.020464224444986568,0.0207112744739067,0.020927795687169945,0.021112772995655688,0.021265333520051336,0.021384753451487722,0.021470463771653604,0.021522054769138883,0.021539279301848634,0.021522054769138883,0.021470463771653604,0.021384753451487722,0.021265333520051336,0.021112772995655685,0.020927795687169942,0.020711274473906697,0.020464224444986572,0.020187794973626452,0.019883260812923801,0.019552012309622557,0.01919554484091637,0.018815447586466555,0.01841339175340518,0.017991118376101546,0.017550425814864771,0.017093157078531651,0.016621187095070565,0.016136410051965418,0.015640726924298663,0.015136033303221486,0.014624207630993185,0.014107099941119392,0.013586521193461716,0.013064233284684923,0.012541939804212972,0.012021277595150495,0.011503809168561334,0.010991016008249595,0.010484292791926746,0.0099849425435298653,0.0094941727206312582,0.0090130922304875443,0.0085427093584435534,0.0080839305832440186,0.0076375602454110186,0.0072043010272956369,0.006784755196771599,0.0063794265608507874,0.0059887230707933534,0.005612960016569659,0.0052523637458022025,0.0049070758405529522,0.0045771576844913587,0.0042625953530344707,0.0039633047599361105,0.0036791369954507149,0.0034098837935359152,0.0031552830685064662,0.0029150244650281948],[0.0031552830685064662,0.0034153439745855732,0.0036909290911266526,0.0039823743531940169,0.0042899634477807152,0.0046139218063797364,0.0049544106119946956,0.0053115208813261589,0.0056852676866321261,0.0060755845849529491,0.0064823183249220345,0.0069052239031682479,0.0073439600432744986,0.0077980851703177033,0.0082670539531167833,0.0087502144844073346,0.0092468061662075839,0.0097559583636185644,0.010276689885206174,0.0108079093419564,0.011348416429606495,0.011896904170983703,0.012451962145895727,0.013012080726199879,0.013575656323034577,0.014140997641948178,0.014706332929943137,0.015269818186418567,0.015829546297804243,0.016383557043505914,0.016929847908804932,0.017466385628757176,0.017991118376101546,0.018501988495897827,0.018996945680243547,0.019473960468136136,0.019931037948504489,0.020366231538771852,0.020777656707150222,0.021163504504304514,0.021522054769138883,0.021851688874298138,0.022150901879568859,0.022418313965703162,0.022652681027241835,0.022852904310622518,0.023018038993134829,0.023147301609014723,0.023240076241015303,0.023295919408990597,0.023314563601200315,0.023295919408990597,0.023240076241015303,0.023147301609014723,0.023018038993134829,0.022852904310622514,0.022652681027241831,0.022418313965703159,0.022150901879568863,0.021851688874298138,0.021522054769138883,0.021163504504304514,0.020777656707150222,0.020366231538771852,0.019931037948504489,0.019473960468136136,0.018996945680243543,0.018501988495897823,0.017991118376101543,0.017466385628757172,0.016929847908804928,0.016383557043505918,0.015829546297804243,0.015269818186418567,0.014706332929943137,0.014140997641948178,0.013575656323034577,0.013012080726199879,0.012451962145895727,0.011896904170983703,0.011348416429606493,0.010807909341956396,0.010276689885206171,0.0097559583636185575,0.0092468061662075839,0.0087502144844073346,0.0082670539531167833,0.0077980851703177033,0.0073439600432744986,0.0069052239031682479,0.0064823183249220345,0.0060755845849529491,0.0056852676866321235,0.0053115208813261563,0.0049544106119946947,0.0046139218063797347,0.004289963447780717,0.0039823743531940169,0.0036909290911266526,0.0034153439745855732,0.0031552830685064662],[0.0034098837935359152,0.0036909290911266526,0.003988751252318022,0.0043037133188741422,0.0046361218685755266,0.0049862205230490802,0.0053541834712027038,0.0057401090739014797,0.0061440136195883696,0.0065658253040016389,0.0070053785098765477,0.0074624084644474018,0.0079365463536019715,0.0084273149716058825,0.0089341249843435961,0.0094562718819605172,0.0099929336935985266,0.010543169532570874,0.011105919034816126,0.011680002746817587,0.012264123511406154,0.012856868891034025,0.013456714658285983,0.01406202937267753,0.01467108005128704,0.015282038928612808,0.015892991288383319,0.016501944337043228,0.017106837075463652,0.017705551112270207,0.018295922349238675,0.018875753456674582,0.019442827044767613,0.01999491942579118,0.020529814851891107,0.021045320104255621,0.021539279301848638,0.022009588791768921,0.022454211978800521,0.022871193948950898,0.023258675740816071,0.023614908119520307,0.023938264710778773,0.024227254357319934,0.024480532566446708,0.024696911925846471,0.024875371374784586,0.025015064229412538,0.025115324873938413,0.02517567404367195,0.025195822641271334,0.02517567404367195,0.025115324873938413,0.025015064229412538,0.024875371374784586,0.024696911925846467,0.024480532566446705,0.024227254357319931,0.023938264710778777,0.023614908119520307,0.023258675740816071,0.022871193948950898,0.022454211978800521,0.022009588791768921,0.021539279301848638,0.021045320104255621,0.020529814851891103,0.019994919425791177,0.019442827044767609,0.018875753456674579,0.018295922349238672,0.01770555111227021,0.017106837075463652,0.016501944337043228,0.015892991288383319,0.015282038928612808,0.01467108005128704,0.01406202937267753,0.013456714658285983,0.012856868891034025,0.01226412351140615,0.011680002746817584,0.011105919034816123,0.010543169532570867,0.0099929336935985266,0.0094562718819605172,0.0089341249843435961,0.0084273149716058825,0.0079365463536019715,0.0074624084644474018,0.0070053785098765477,0.0065658253040016389,0.006144013619588367,0.0057401090739014771,0.0053541834712027021,0.0049862205230490784,0.0046361218685755292,0.0043037133188741422,0.003988751252318022,0.0036909290911266526,0.0034098837935359152],[0.0036791369954507149,0.0039823743531940169,0.0043037133188741422,0.0046435456009674319,0.0050022019854251273,0.0053799453308649142,0.0057769635805992505,0.0061933628623203237,0.0066291607506484777,0.007084279771472639,0.0075585412299625163,0.0080516594462132721,0.0085632364836009875,0.0090927574549980999,0.0096395864909502686,0.010202963451691261,0.010782001461428119,0.011375685338639316,0.011982870990187584,0.012602285829870448,0.013232530273649649,0.013872080354272774,0.014519291487404298,0.015172403409819481,0.015829546297804239,0.016488748060787893,0.017147942791573351,0.017804980340496372,0.018457636966631524,0.019103627004968423,0.019740615474516342,0.020366231538771856,0.020978082717117316,0.02157376973371913,0.022150901879568863,0.022707112753651681,0.023240076241015307,0.023747522578910298,0.024227254357319927,0.024677162297210554,0.02509524064880048,0.025479602053125369,0.025828491713200331,0.026140300726137187,0.026413578434634558,0.026647043665247026,0.026839594731655987,0.026990318093676739,0.027098495576781047,0.027163610072305,0.027185349655036491,0.027163610072305,0.027098495576781047,0.026990318093676739,0.026839594731655987,0.026647043665247023,0.026413578434634554,0.026140300726137183,0.025828491713200334,0.025479602053125369,0.02509524064880048,0.024677162297210554,0.024227254357319927,0.023747522578910298,0.023240076241015307,0.022707112753651681,0.022150901879568859,0.021573769733719127,0.020978082717117312,0.020366231538771849,0.019740615474516339,0.019103627004968426,0.018457636966631524,0.017804980340496372,0.017147942791573351,0.016488748060787893,0.015829546297804239,0.015172403409819481,0.014519291487404298,0.013872080354272774,0.013232530273649647,0.012602285829870444,0.011982870990187581,0.011375685338639309,0.010782001461428119,0.010202963451691261,0.0096395864909502686,0.0090927574549980999,0.0085632364836009875,0.0080516594462132721,0.0075585412299625163,0.007084279771472639,0.0066291607506484751,0.0061933628623203202,0.0057769635805992488,0.0053799453308649115,0.005002201985425129,0.0046435456009674319,0.0043037133188741422,0.0039823743531940169,0.0036791369954507149],[0.0039633047599361097,0.0042899634477807152,0.0046361218685755266,0.0050022019854251273,0.0053885601333985003,0.0057954794736858797,0.0062231624658928165,0.0066717234347612592,0.0071411813123333032,0.0076314526405823584,0.0081423449227157416,0.0086735504135942894,0.0092246404409185804,0.0097950603489076471,0.010384125155067441,0.010991016008249596,0.011614777532490659,0.012254316136070222,0.012908399358826475,0.013575656323034575,0.014254579344124033,0.014943526747247476,0.015640726924298663,0.016344283653520707,0.017052182690476543,0.017762299625024486,0.018472408984224021,0.01918019454598029,0.019883260812923798,0.020579145580731498,0.021265333520051333,0.021939270676624271,0.022598379780337335,0.023240076241015307,0.023861784696989279,0.024460955972075381,0.025035084287751662,0.02558172457020871,0.026098509686722313,0.026583167442578218,0.027033537168666549,0.02744758573091911,0.027823422796018172,0.028159315193254722,0.028453700220018148,0.028705197748082504,0.028912620999506148,0.029074985874439879,0.029191518728268195,0.029261662512087613,0.02928508120832678,0.029261662512087613,0.029191518728268195,0.029074985874439879,0.028912620999506148,0.0287051977480825,0.028453700220018141,0.028159315193254715,0.027823422796018175,0.02744758573091911,0.027033537168666549,0.026583167442578218,0.026098509686722313,0.02558172457020871,0.025035084287751662,0.024460955972075381,0.023861784696989276,0.023240076241015303,0.022598379780337331,0.021939270676624267,0.021265333520051326,0.020579145580731501,0.019883260812923798,0.01918019454598029,0.018472408984224021,0.017762299625024486,0.017052182690476543,0.016344283653520707,0.015640726924298663,0.014943526747247476,0.014254579344124031,0.013575656323034571,0.012908399358826471,0.012254316136070215,0.011614777532490659,0.010991016008249596,0.010384125155067441,0.0097950603489076471,0.0092246404409185804,0.0086735504135942894,0.0081423449227157416,0.0076314526405823584,0.0071411813123333006,0.0066717234347612566,0.0062231624658928147,0.0057954794736858779,0.0053885601333985029,0.0050022019854251273,0.0046361218685755266,0.0042899634477807152,0.0039633047599361097],[0.0042625953530344724,0.0046139218063797364,0.0049862205230490802,0.0053799453308649142,0.0057954794736858797,0.0062331274957362452,0.0066931071454421525,0.0071755413808255774,0.0076804505635895796,0.0082077449333402795,0.0087572174568103251,0.0093285371493594775,0.0099212429673228766,0.01053473836985956,0.011168286647740003,0.011821007113933748,0.012491872246867534,0.013179705871791283,0.013883182458805893,0.014600827607789892,0.015331019780750797,0.016071993331088243,0.016821842866979374,0.01757852897269948,0.018339885297312321,0.01910362700496842,0.019867360565220551,0.020628594845507338,0.021384753451487718,0.022133188244463968,0.022871193948950892,0.02359602374778054,0.024304905747224687,0.024995060180715359,0.025663717207085348,0.026308135148060175,0.026925619000219621,0.027513539048997407,0.028069349406665632,0.028590606292789318,0.029074985874439879,0.02952030148459165,0.029924520040626998,0.030285777490736184,0.030602393124176629,0.030872882591770352,0.031095969495550112,0.031270595420960834,0.031395928301294874,0.031471369021871136,0.031496556190612812,0.031471369021871136,0.031395928301294874,0.031270595420960834,0.031095969495550112,0.030872882591770349,0.030602393124176626,0.030285777490736177,0.029924520040627001,0.02952030148459165,0.029074985874439879,0.028590606292789318,0.028069349406665632,0.027513539048997407,0.026925619000219621,0.026308135148060175,0.025663717207085341,0.024995060180715355,0.024304905747224683,0.023596023747780536,0.022871193948950888,0.022133188244463975,0.021384753451487718,0.020628594845507338,0.019867360565220551,0.01910362700496842,0.018339885297312321,0.01757852897269948,0.016821842866979374,0.016071993331088243,0.015331019780750795,0.014600827607789888,0.01388318245880589,0.013179705871791274,0.012491872246867534,0.011821007113933748,0.011168286647740003,0.01053473836985956,0.0099212429673228766,0.0093285371493594775,0.0087572174568103251,0.0082077449333402795,0.007680450563589577,0.0071755413808255739,0.0066931071454421507,0.0062331274957362435,0.0057954794736858823,0.0053799453308649142,0.0049862205230490802,0.0046139218063797364,0.0042625953530344724],[0.0045771576844913604,0.0049544106119946956,0.0053541834712027038,0.0057769635805992505,0.0062231624658928165,0.0066931071454421525,0.0071870314366283281,0.0077050673712790313,0.0082472368137088189,0.0088134433795690539,0.0094034647573729251,0.010016945537149735,0.01065339065207312,0.011312159538995937,0.011992461122521192,0.01269334972447039,0.013413721996325671,0.014152314966387922,0.014907705286001879,0.01567830975026839,0.016462387158236332,0.017258041565713103,0.018063226970650274,0.018875753456674579,0.019693294804894967,0.020513397567798811,0.021333491582053162,0.022150901879568859,0.02296286193850185,0.023766528198207511,0.024558995744789446,0.025337315057059998,0.026098509686722313,0.026839594731655987,0.027557595947595888,0.028249569331477438,0.028912620999506148,0.029543927174795367,0.030140754093379123,0.030700477633690451,0.031220602473310582,0.031698780578013654,0.032132828831891204,0.03252074562363403,0.032860726212830794,0.033151176711325621,0.033390726528133352,0.033578239141976954,0.033712821082984332,0.033793829024229186,0.033820874904358172,0.033793829024229186,0.033712821082984332,0.033578239141976954,0.033390726528133352,0.033151176711325614,0.032860726212830788,0.03252074562363403,0.032132828831891211,0.031698780578013654,0.031220602473310582,0.030700477633690451,0.030140754093379123,0.029543927174795367,0.028912620999506148,0.028249569331477438,0.027557595947595884,0.02683959473165598,0.02609850968672231,0.025337315057059995,0.024558995744789439,0.023766528198207515,0.02296286193850185,0.022150901879568859,0.021333491582053162,0.020513397567798811,0.019693294804894967,0.018875753456674579,0.018063226970650274,0.017258041565713103,0.016462387158236329,0.015678309750268387,0.014907705286001875,0.014152314966387913,0.013413721996325671,0.01269334972447039,0.011992461122521192,0.011312159538995937,0.01065339065207312,0.010016945537149735,0.0094034647573729251,0.0088134433795690539,0.0082472368137088154,0.0077050673712790278,0.0071870314366283255,0.0066931071454421499,0.0062231624658928191,0.0057769635805992505,0.0053541834712027038,0.0049544106119946956,0.0045771576844913604],[0.0049070758405529548,0.0053115208813261589,0.0057401090739014797,0.0061933628623203237,0.0066717234347612592,0.0071755413808255774,0.0077050673712790313,0.0082604429547062427,0.0088416915713854655,0.0094487098896551738,0.010081259573980258,0.010738959596700997,0.011421279206938664,0.012127531670226073,0.012856868891034027,0.013608277027397159,0.014380573202248762,0.015172403409819485,0.015982241707530903,0.016808390774240338,0.017648983904514026,0.01850198849589782,0.019365211072021962,0.020236303868953278,0.021112772995655688,0.021991988161926147,0.022871193948950898,0.023747522578910302,0.024618008121102587,0.025479602053125369,0.026329190077027283,0.027163610072304997,0.027979671050459759,0.028774172959823895,0.029543927174795377,0.030285777490736188,0.030996621434838497,0.031673431694456605,0.032313277457930549,0.032913345458942776,0.033470960514071703,0.033983605344513147,0.034448939476971252,0.034864817025467287,0.035229303165229757,0.035540689121817987,0.035797505513057687,0.035998533898054901,0.03614281640628695,0.036229663340296328,0.036258658667553054,0.036229663340296328,0.03614281640628695,0.035998533898054901,0.035797505513057687,0.03554068912181798,0.03522930316522975,0.03486481702546728,0.034448939476971259,0.033983605344513147,0.033470960514071703,0.032913345458942776,0.032313277457930549,0.031673431694456605,0.030996621434838497,0.030285777490736188,0.029543927174795374,0.028774172959823891,0.027979671050459752,0.027163610072304993,0.026329190077027279,0.025479602053125373,0.024618008121102587,0.023747522578910302,0.022871193948950898,0.021991988161926147,0.021112772995655688,0.020236303868953278,0.019365211072021962,0.01850198849589782,0.017648983904514026,0.016808390774240334,0.0159822417075309,0.015172403409819476,0.014380573202248762,0.013608277027397159,0.012856868891034027,0.012127531670226073,0.011421279206938664,0.010738959596700997,0.010081259573980258,0.0094487098896551738,0.008841691571385462,0.0082604429547062392,0.0077050673712790287,0.0071755413808255748,0.0066717234347612618,0.0061933628623203237,0.0057401090739014797,0.0053115208813261589,0.0049070758405529548],[0.0052523637458022042,0.0056852676866321261,0.0061440136195883696,0.0066291607506484777,0.0071411813123333032,0.0076804505635895796,0.0082472368137088189,0.0088416915713854655,0.0094638399262801844,0.010113571275767206,0.010790630513757976,0.011494609801463957,0.012224941041557115,0.012980889177287638,0.013761546436622795,0.01456582763829458,0.015392466671726591,0.016240014256115841,0.017106837075463649,0.017991118376101546,0.018890860101292081,0.019803886623882407,0.020727850122861366,0.021660237633162393,0.022598379780337338,0.023539461193001633,0.024480532566446708,0.025418524330781987,0.026350261856676941,0.027272482111509948,0.028181851658793593,0.029074985874439883,0.029948469235059991,0.030798876516363514,0.031622794724124298,0.032416845566391364,0.0331777082639007,0.03390214248621843,0.034587011194218059,0.035229303165229757,0.035826154975725236,0.036374872217800745,0.036872949730034965,0.037318090630520315,0.037708223949943408,0.038041520675422935,0.038316408031254613,0.038531581840575146,0.038686016832007036,0.038778974777318426,0.038810010369722009,0.038778974777318426,0.038686016832007036,0.038531581840575146,0.038316408031254613,0.038041520675422928,0.037708223949943408,0.037318090630520308,0.036872949730034972,0.036374872217800745,0.035826154975725236,0.035229303165229757,0.034587011194218059,0.03390214248621843,0.0331777082639007,0.032416845566391364,0.031622794724124298,0.030798876516363507,0.029948469235059987,0.029074985874439876,0.028181851658793586,0.027272482111509955,0.026350261856676941,0.025418524330781987,0.024480532566446708,0.023539461193001633,0.022598379780337338,0.021660237633162393,0.020727850122861366,0.019803886623882407,0.018890860101292078,0.017991118376101539,0.017106837075463645,0.01624001425611583,0.015392466671726591,0.01456582763829458,0.013761546436622795,0.012980889177287638,0.012224941041557115,0.011494609801463957,0.010790630513757976,0.010113571275767206,0.009463839926280181,0.008841691571385462,0.0082472368137088171,0.007680450563589577,0.0071411813123333067,0.0066291607506484777,0.0061440136195883696,0.0056852676866321261,0.0052523637458022042],[0.005612960016569659,0.0060755845849529491,0.0065658253040016389,0.007084279771472639,0.0076314526405823584,0.0082077449333402795,0.0088134433795690539,0.0094487098896551738,0.010113571275767206,0.010807909341956395,0.01153145146805697,0.012283761815478149,0.013064233284684921,0.013872080354272776,0.01470633292994313,0.015565831328291937,0.016449222515069122,0.017354957710412202,0.018281291464493494,0.019226282296068629,0.020187794973626445,0.021163504504304504,0.022150901879568849,0.023147301609014716,0.024149851054711482,0.025155541558504801,0.026161221333845405,0.027163610072304993,0.028159315193254715,0.029144849643526829,0.030116651132574227,0.031071102668010917,0.032004554236786595,0.032913345458942769,0.033793829024229186,0.034642394707123977,0.035455493743273642,0.036229663340296314,0.036961551088488531,0.037647939032418289,0.038285767162811166,0.038872156089631731,0.039404428661872666,0.039880130307281554,0.040297047876024499,0.040653226785999134,0.040946986284011236,0.041176932656117389,0.041341970241863292,0.041441310130627143,0.041474476443487916,0.041441310130627143,0.041341970241863292,0.041176932656117389,0.040946986284011236,0.040653226785999128,0.040297047876024492,0.039880130307281547,0.039404428661872673,0.038872156089631731,0.038285767162811166,0.037647939032418289,0.036961551088488531,0.036229663340296314,0.035455493743273642,0.034642394707123977,0.033793829024229179,0.032913345458942762,0.032004554236786588,0.03107110266801091,0.03011665113257422,0.029144849643526833,0.028159315193254715,0.027163610072304993,0.026161221333845405,0.025155541558504801,0.024149851054711482,0.023147301609014716,0.022150901879568849,0.021163504504304504,0.020187794973626442,0.019226282296068622,0.018281291464493487,0.017354957710412188,0.016449222515069122,0.015565831328291937,0.01470633292994313,0.013872080354272776,0.013064233284684921,0.012283761815478149,0.01153145146805697,0.010807909341956395,0.010113571275767202,0.0094487098896551686,0.0088134433795690522,0.0082077449333402761,0.007631452640582361,0.007084279771472639,0.0065658253040016389,0.0060755845849529491,0.005612960016569659],[0.0059887230707933534,0.0064823183249220345,0.0070053785098765477,0.0075585412299625163,0.0081423449227157416,0.0087572174568103251,0.0094034647573729251,0.010081259573980258,0.010790630513757976,0.01153145146805697,0.012303431565987108,0.013106105791475574,0.013938826402336273,0.014800755289952028,0.015690857416465871,0.016607895462756317,0.017550425814864767,0.018516796008910014,0.019505143744854091,0.020513397567798807,0.021539279301848627,0.022580308306066572,0.023633807604802045,0.024696911925846457,0.025766577659671622,0.02683959473165598,0.027912600356964769,0.028982094624908104,0.030044457836464162,0.031095969495550109,0.032132828831891197,0.033151176711325607,0.034147118768438567,0.035116749576888068,0.036056177655,0.036961551088488538,0.037829083538791879,0.038655080394766256,0.039435964817582519,0.040168303423806673,0.04084883134996483,0.041474476443487916,0.042042382329850872,0.042549930113954922,0.042994758485291842,0.043374782011060473,0.043688207419012137,0.043933547692167868,0.044109633820411574,0.044215624079015574,0.044251010731052316,0.044215624079015574,0.044109633820411574,0.043933547692167868,0.043688207419012137,0.043374782011060466,0.042994758485291835,0.042549930113954915,0.042042382329850879,0.041474476443487916,0.04084883134996483,0.040168303423806673,0.039435964817582519,0.038655080394766256,0.037829083538791879,0.036961551088488538,0.036056177654999993,0.035116749576888061,0.03414711876843856,0.0331511767113256,0.03213282883189119,0.031095969495550116,0.030044457836464162,0.028982094624908104,0.027912600356964769,0.02683959473165598,0.025766577659671622,0.024696911925846457,0.023633807604802045,0.022580308306066572,0.021539279301848624,0.020513397567798804,0.019505143744854084,0.01851679600891,0.017550425814864767,0.016607895462756317,0.015690857416465871,0.014800755289952028,0.013938826402336273,0.013106105791475574,0.012303431565987108,0.01153145146805697,0.010790630513757971,0.010081259573980253,0.0094034647573729216,0.0087572174568103216,0.0081423449227157451,0.0075585412299625163,0.0070053785098765477,0.0064823183249220345,0.0059887230707933534],[0.0063794265608507874,0.0069052239031682479,0.0074624084644474018,0.0080516594462132721,0.0086735504135942894,0.0093285371493594775,0.010016945537149735,0.010738959596700997,0.011494609801463957,0.012283761815478149,0.013106105791475574,0.013961146375797184,0.014848193567643525,0.015766354580303624,0.016714526850189523,0.017691392335646171,0.018695413241533902,0.019724829297449484,0.020777656707150219,0.021851688874298131,0.022944498995107757,0.024053444591960047,0.025175674043671933,0.026308135148060172,0.027447585730919103,0.028590606292789318,0.029733614661204388,0.030872882591770349,0.032004554236786595,0.033124666375504763,0.034229170275907057,0.035313955034436448,0.036374872217800731,0.03740776161016706,0.03840847785011875,0.039372917724998506,0.040297047876024492,0.041176932656117382,0.042008761873962443,0.042788878152650867,0.043513803629453542,0.04418026572497976,0.044785221715213486,0.045325881848690887,0.045799730763322839,0.046204546972951878,0.046538420212488309,0.046799766452164861,0.046987340415802235,0.047100245464664382,0.04713794073713469,0.047100245464664382,0.046987340415802235,0.046799766452164861,0.046538420212488309,0.046204546972951871,0.045799730763322832,0.04532588184869088,0.044785221715213493,0.04418026572497976,0.043513803629453542,0.042788878152650867,0.042008761873962443,0.041176932656117382,0.040297047876024492,0.039372917724998506,0.038408477850118743,0.037407761610167053,0.036374872217800724,0.035313955034436441,0.03422917027590705,0.03312466637550477,0.032004554236786595,0.030872882591770349,0.029733614661204388,0.028590606292789318,0.027447585730919103,0.026308135148060172,0.025175674043671933,0.024053444591960047,0.022944498995107754,0.021851688874298125,0.020777656707150212,0.019724829297449474,0.018695413241533902,0.017691392335646171,0.016714526850189523,0.015766354580303624,0.014848193567643525,0.013961146375797184,0.013106105791475574,0.012283761815478149,0.011494609801463952,0.010738959596700992,0.010016945537149732,0.009328537149359474,0.0086735504135942929,0.0080516594462132721,0.0074624084644474018,0.0069052239031682479,0.0063794265608507874],[0.006784755196771599,0.0073439600432744986,0.0079365463536019715,0.0085632364836009875,0.0092246404409185804,0.0099212429673228766,0.01065339065207312,0.011421279206938664,0.012224941041557115,0.013064233284684921,0.013938826402336273,0.014848193567643525,0.015791600939333447,0.016768099005844285,0.017776515150176406,0.018815447586466558,0.019883260812923801,0.020978082717117319,0.022097803458650235,0.023240076241015307,0.024402320068971358,0.02558172457020871,0.026775256940531494,0.027979671050459756,0.029191518728268202,0.030407163210290657,0.031622794724124298,0.032834448144489367,0.034038022635287969,0.03522930316522975,0.036403983758638694,0.037557692318116072,0.038686016832007043,0.039784532757490651,0.040848831349964844,0.04187454869158614,0.042857395156681383,0.043793185039573197,0.044677866061412254,0.045507548467100381,0.046278533421483671,0.046987340415802256,0.047630733400956235,0.048205745373475724,0.048709701153100679,0.049140238107452217,0.049495324599223928,0.049773275954394902,0.049972767775866393,0.050092846455306046,0.050132936766456603,0.050092846455306046,0.049972767775866393,0.049773275954394902,0.049495324599223928,0.04914023810745221,0.048709701153100672,0.048205745373475717,0.047630733400956242,0.046987340415802256,0.046278533421483671,0.045507548467100381,0.044677866061412254,0.043793185039573197,0.042857395156681383,0.04187454869158614,0.040848831349964837,0.039784532757490644,0.038686016832007036,0.037557692318116065,0.036403983758638687,0.035229303165229757,0.034038022635287969,0.032834448144489367,0.031622794724124298,0.030407163210290657,0.029191518728268202,0.027979671050459756,0.026775256940531494,0.02558172457020871,0.024402320068971355,0.0232400762410153,0.022097803458650228,0.020978082717117305,0.019883260812923801,0.018815447586466558,0.017776515150176406,0.016768099005844285,0.015791600939333447,0.014848193567643525,0.013938826402336273,0.013064233284684921,0.01222494104155711,0.011421279206938658,0.010653390652073116,0.0099212429673228731,0.0092246404409185839,0.0085632364836009875,0.0079365463536019715,0.0073439600432744986,0.006784755196771599],[0.0072043010272956369,0.0077980851703177033,0.0084273149716058825,0.0090927574549980999,0.0097950603489076471,0.01053473836985956,0.011312159538995937,0.012127531670226073,0.012980889177287638,0.013872080354272776,0.014800755289952028,0.015766354580303624,0.016768099005844285,0.017804980340496372,0.018875753456674579,0.019978929886918871,0.021112772995655688,0.022275294905486749,0.02346425531077127,0.024677162297210557,0.025911275269731068,0.02716361007230499,0.028430946362598634,0.029709837281695361,0.030996621434838494,0.032287437173456141,0.033578239141976961,0.03486481702546728,0.036142816406286957,0.037407761610167067,0.03865508039476627,0.039880130307281554,0.041078226512494008,0.04224467086913461,0.043374782011060486,0.044463926170819332,0.045507548467100381,0.046501204364642307,0.047440591005666118,0.048321578106051442,0.049140238107452223,0.04989287527846667,0.050576053463894079,0.051186622191016405,0.051721740855664944,0.052178900728433744,0.052555944542581522,0.052851083449663869,0.053062911156439206,0.053190415086729136,0.053232984444271166,0.053190415086729136,0.053062911156439206,0.052851083449663869,0.052555944542581522,0.052178900728433737,0.051721740855664937,0.051186622191016398,0.050576053463894086,0.04989287527846667,0.049140238107452223,0.048321578106051442,0.047440591005666118,0.046501204364642307,0.045507548467100381,0.044463926170819332,0.04337478201106048,0.042244670869134603,0.041078226512494001,0.039880130307281547,0.038655080394766263,0.037407761610167074,0.036142816406286957,0.03486481702546728,0.033578239141976961,0.032287437173456141,0.030996621434838494,0.029709837281695361,0.028430946362598634,0.02716361007230499,0.025911275269731065,0.02467716229721055,0.023464255310771263,0.022275294905486735,0.021112772995655688,0.019978929886918871,0.018875753456674579,0.017804980340496372,0.016768099005844285,0.015766354580303624,0.014800755289952028,0.013872080354272776,0.012980889177287631,0.012127531670226068,0.011312159538995933,0.010534738369859555,0.0097950603489076523,0.0090927574549980999,0.0084273149716058825,0.0077980851703177033,0.0072043010272956369],[0.0076375602454110186,0.0082670539531167833,0.0089341249843435961,0.0096395864909502686,0.010384125155067441,0.011168286647740003,0.011992461122521192,0.012856868891034027,0.013761546436622795,0.01470633292994313,0.015690857416465871,0.016714526850189523,0.017776515150176406,0.018875753456674579,0.020010921761412597,0.021180442082035712,0.022382473343501793,0.023614908119520304,0.024875371374784579,0.026161221333845408,0.027469552585073935,0.028797201508382976,0.030140754093379116,0.031496556190612812,0.032860726212830794,0.034229170275907064,0.035597599740767115,0.036961551088488538,0.038316408031254613,0.039657425732371507,0.040979756979568897,0.042278480127730181,0.043548628600488186,0.044785221715213493,0.045983296573241628,0.04713794073713469,0.048244325399727388,0.049297738736001212,0.050293619118757349,0